258 296
300 301
167 302
299 311
201 276
172 261
131 310
54 58
37 8
19 20
118 225
166 233
118 137
111 112
166 175
112 131
255 273
174 301
261 301
147 299
255 272
217 219
197 245
217 230
118 152
250 261
128 142
162 212
230 243
256 271
260 273
146 230
219 276
152 230
224 242
109 182
162 261
255 300
197 248
67 76
10 12
118 297
258 297
217 263
160 182
153 67
112 70
141 177
112 201
182 209
119 92
169 261
150 67
201 203
109 177
162 202
174 182
174 218
147 298
147 230
142 225
125 131
163 182
159 293
152 233
182 246
73 77
192 204
36 38
152 263
118 146
118 45
233 248
119 217
206 239
118 299
248 313
162 166
118 147
230 301
186 230
258 299
26 47
255 286
192 222
162 221
174 177
94 99
128 258
179 182
112 310
179 218
266 267
58 65
274 67
176 67
183 246
162 95
119 176
221 284
182 201
246 253
81 85
293 310
249 260
206 209
119 179
59 64
181 182
184 255
316 318
130 148
225 232
254 262
178 201
311 67
219 253
150 219
200 213
91 92
221 321
162 273
183 201
40 55
108 201
182 310
118 230
201 311
261 276
56 58
218 230
142 45
48 65
245 261
182 192
118 120
254 261
299 306
23 8
118 143
201 293
176 219
119 301
43 67
176 230
112 203
105 123
101 112
118 233
166 313
150 263
131 299
112 296
118 263
255 266
131 147
118 148
217 258
174 89
221 310
261 294
182 196
246 293
177 311
313 316
214 248
112 137
143 170
167 67
168 258
232 256
198 219
219 293
255 91
177 260
177 293
176 263
176 65
269 270
260 284
283 293
302 310
217 255
172 216
133 182
58 59
261 296
109 159
119 182
217 94
56 60
157 230
159 167
162 232
144 82
217 256
143 174
182 225
144 62
146 94
262 292
284 298
299 307
166 174
76 82
139 167
100 137
119 177
288 297
83 85
60 64
150 306
159 162
152 256
142 65
133 140
276 296
148 158
177 204
190 230
167 219
296 67
166 75
109 311
73 94
255 310
139 162
47 49
197 253
116 66
3 8
232 283
118 126
201 250
162 292
152 170
134 136
101 95
67 8
123 166
162 248
112 299
102 118
124 138
45 67
112 147
219 65
177 72
26 4
145 182
182 297
109 293
233 296
23 24
174 311
261 311
246 250
166 82
287 301
29 31
293 299
148 182
146 172
166 62
240 261
150 258
212 217
101 174
217 283
174 293
152 174
219 250
144 216
261 293
179 311
159 261
261 304
172 201
276 297
205 213
113 152
162 284
182 299
65 67
123 273
248 83
154 171
152 186
183 67
179 260
176 258
162 91
179 293
176 305
150 255
42 47
45 50
125 299
263 311
253 293
147 174
125 147
51 67
218 255
118 313
249 255
144 83
55 61
258 313
162 321
169 246
118 256
159 166
307 67
189 261
221 299
174 204
152 99
198 258
118 136
162 201
193 201
166 251
25 26
176 255
149 157
146 92
150 202
144 246
57 69
166 216
182 230
152 92
176 94
219 274
271 281
225 296
230 249
118 149
13 18
59 65
169 201
230 260
230 293
146 217
45 65
62 67
147 99
162 310
152 217
219 258
183 219
147 92
201 261
166 301
182 233
146 176
311 94
71 77
182 263
118 174
169 183
232 301
73 90
203 251
128 182
230 235
147 217
146 179
246 261
109 306
167 258
261 268
215 255
152 179
118 186
166 213
112 157
177 212
166 246
57 71
129 152
102 107
172 225
109 167
183 263
222 261
119 311
229 233
275 288
262 296
108 65
255 299
197 250
219 261
297 308
67 71
177 261
176 80
174 306
242 251
29 33
217 301
261 306
131 166
167 307
112 126
255 281
147 179
133 293
167 255
109 162
225 293
327 328
313 8
146 301
168 248
131 95
47 65
150 92
92 95
229 254
142 172
152 301
118 92
179 306
261 270
213 246
109 118
116 65
318 319
58 60
203 246
281 283
120 67
176 99
118 217
126 161
13 9
255 298
45 46
131 174
176 92
147 301
262 297
60 65
109 307
177 95
111 152
90 94
172 67
85 97
109 212
65 8
150 176
217 218
300 307
231 258
150 47
55 63
100 112
176 217
172 299
109 261
313 317
146 182
167 172
146 218
230 306
292 67
118 179
144 225
174 307
167 189
46 62
74 75
13 8
174 212
255 263
151 201
177 273
118 216
118 130
109 202
47 8
146 177
174 261
176 47
112 166
161 191
152 177
176 179
321 324
299 321
255 287
112 95
112 149
273 284
54 59
109 221
162 299
174 202
61 62
150 292
306 311
179 261
118 301
248 67
150 248
182 313
118 127
123 310
131 150
230 258
172 230
197 261
253 261
230 305
130 182
40 61
110 152
118 133
147 177
311 47
167 99
182 256
26 8
198 232
142 47
174 221
47 59
112 174
144 67
136 152
261 290
176 301
143 152
119 306
181 261
299 310
255 271
230 307
144 45
232 285
230 255
172 263
219 47
201 251
109 273
34 8
261 308
147 153
35 36
179 221
263 313
26 33
222 232
151 66
162 230
230 261
150 182
219 232
166 288
179 95
167 176
261 303
150 322
119 162
174 273
232 288
261 273
136 67
147 325
150 177
133 258
221 95
118 177
167 232
184 293
39 65
176 182
201 83
125 174
166 67
176 218
57 70
118 140
144 219
112 84
232 67
112 150
219 248
101 152
47 86
29 47
65 87
248 263
118 192
169 263
201 246
248 65
127 152
203 288
118 153
123 152
108 75
47 48
290 293
167 292
133 261
255 313
142 39
152 288
167 248
255 94
119 261
146 159
45 58
271 283
311 322
182 92
225 261
144 263
109 232
255 256
144 65
6 8
203 67
216 293
312 318
221 300
120 258
166 50
106 166
182 217
256 267
37 38
45 47
166 219
217 311
152 67
116 74
101 146
109 144
177 91
116 75
123 67
104 97
217 293
123 146
126 137
119 221
177 321
71 90
129 255
109 248
167 182
123 299
322 325
179 232
123 147
147 67
146 260
146 293
177 201
166 263
152 252
71 73
166 65
182 216
174 292
174 248
150 296
261 292
172 94
311 325
293 301
109 131
140 82
255 283
248 274
203 219
47 58
101 230
177 310
147 249
118 76
112 91
301 67
182 195
230 47
152 219
147 260
179 292
118 253
118 288
150 159
258 288
123 219
182 301
13 15
248 258
230 232
183 245
144 274
310 67
30 8
306 307
217 222
213 263
173 248
148 166
174 284
106 82
273 299
261 284
202 255
203 263
147 219
109 321
203 65
118 67
255 92
144 258
204 230
24 8
248 318
258 67
64 65
54 60
174 91
286 301
152 222
159 299
251 258
109 201
248 255
150 311
172 174
248 94
230 234
230 292
174 321
230 248
261 321
198 206
153 293
183 213
179 91
315 317
230 239
47 60
118 163
142 76
174 201
118 249
144 255
54 83
119 150
118 260
109 310
218 249
166 274
131 152
118 51
177 240
161 67
176 311
144 169
221 91
133 232
261 81
217 306
1 4
166 258
159 230
161 299
46 67
162 174
274 293
197 201
174 310
118 219
230 284
261 85
261 310
184 261
128 261
114 118
232 258
149 152
212 255
146 306
133 144
139 230
152 187
152 306
218 235
216 258
118 77
146 167
179 310
131 67
177 190
118 197
201 45
50 67
166 255
230 321
172 217
201 299
131 146
255 301
144 172
216 262
232 307
314 317
166 94
219 297
232 255
118 222
142 293
189 230
226 261
147 306
166 169
258 263
118 65
128 166
258 65
232 94
125 68
109 203
216 255
161 230
284 311
172 176
203 258
266 271
150 320
46 50
138 201
146 305
216 261
120 130
152 258
119 131
77 94
152 305
67 79
172 179
176 222
112 152
284 293
217 307
167 311
177 299
22 26
313 326
202 217
201 230
146 307
131 219
138 183
146 212
217 261
101 255
119 91
131 230
146 255
152 307
147 258
167 293
166 172
147 305
152 212
154 182
152 255
39 47
162 243
168 261
201 242
67 78
127 255
152 94
146 261
119 321
13 6
130 258
118 306
201 233
118 57
112 67
122 163
118 229
100 152
311 320
118 8
150 167
222 230
147 307
147 212
149 230
248 47
147 255
112 146
177 230
146 202
301 305
166 184
313 315
182 253
115 152
292 301
125 152
152 202
147 94
217 221
293 67
296 311
176 306
118 274
144 176
261 297
13 7
255 259
150 162
119 310
109 299
144 47
120 182
109 147
152 96
143 92
219 233
208 258
183 253
146 189
152 172
182 67
5 8
118 258
147 202
118 305
276 288
45 54
152 189
172 182
301 94
123 172
101 80
146 80
174 299
299 95
223 230
144 245
261 299
248 301
152 80
316 47
10 11
166 217
112 219
310 94
147 96
130 160
112 230
142 229
166 90
240 256
150 212
147 172
261 281
151 75
118 307
118 212
165 201
118 129
153 261
118 255
179 299
118 134
183 224
166 176
53 82
275 276
118 94
169 213
150 261
166 53
258 94
147 80
263 67
221 237
284 306
118 169
166 47
239 262
230 297
218 261
256 292
176 307
232 47
176 212
166 232
112 263
230 311
305 307
233 67
144 181
266 272
239 255
112 65
182 219
144 213
183 293
298 300
286 293
118 69
257 261
312 316
118 202
180 182
307 311
166 245
176 261
152 156
221 252
216 232
201 205
47 54
17 20
150 166
293 65
125 230
189 256
131 258
150 221
179 230
118 96
152 90
255 288
144 182
123 217
159 174
118 172
176 202
218 221
101 176
150 95
166 292
118 189
198 261
203 47
166 248
182 222
152 176
217 232
201 318
221 298
221 230
45 61
118 155
232 292
118 128
118 80
232 248
142 261
152 47
157 255
306 310
275 296
67 95
183 197
101 179
100 111
144 177
230 295
201 313
176 221
166 181
255 67
131 255
146 232
13 21
227 230
213 245
2 4
152 232
131 94
118 71
245 246
146 161
203 245
176 189
123 179
266 286
216 239
152 161
147 176
183 65
141 157
1 8
46 63
248 276
246 313
121 142
147 47
13 17
320 324
217 292
124 201
161 174
217 248
263 65
149 255
166 182
293 306
118 99
131 170
147 232
33 47
255 260
242 245
203 248
219 313
217 239
261 269
119 299
146 292
119 147
147 161
233 263
167 261
152 292
152 248
112 123
267 281
261 271
40 45
123 301
182 306
109 112
248 316
166 177
159 217
152 158
112 258
190 202
131 172
262 288
233 254
118 90
217 284
228 236
67 82
147 292
147 248
161 99
105 182
201 74
182 274
118 176
223 255
293 305
45 59
261 309
201 75
146 284
106 120
58 83
118 73
159 179
118 47
152 284
112 255
258 47
162 288
152 182
152 218
112 94
217 321
189 217
132 230
166 276
118 232
182 258
182 305
255 267
313 314
255 65
123 182
123 302
293 307
118 161
248 253
112 136
229 274
201 236
147 284
162 67
111 67
181 188
72 96
112 170
118 144
147 182
147 218
162 237
176 232
50 62
183 258
204 218
144 76
182 307
256 296
153 248
182 212
159 301
287 311
292 293
144 253
109 166
182 255
104 144
147 322
152 93
172 219
261 313
217 310
201 217
118 292
118 119
182 94
161 179
221 305
118 248
27 8
147 321
109 95
131 217
166 198
125 255
45 63
112 172
118 158
173 261
229 262
248 311
162 252
118 164
118 181
117 152
321 325
131 176
261 291
166 203
185 201
176 292
174 95
296 308
176 248
255 306
166 296
183 261
221 255
118 131
131 47
109 174
248 293
176 239
131 179
259 273
145 148
161 301
162 219
232 296
125 170
118 284
263 94
296 303
130 145
267 271
166 206
166 253
272 283
142 144
216 296
118 182
118 218
150 91
144 293
250 263
182 189
254 288
169 219
199 201
255 289
112 99
150 321
202 204
176 284
164 182
118 321
152 198
177 179
217 296
167 191
261 283
255 258
112 92
144 50
255 305
118 70
150 201
131 301
137 139
176 91
169 197
143 311
118 93
118 145
161 182
112 217
166 311
213 253
201 213
112 90
230 95
203 253
144 168
169 65
255 307
109 150
232 311
144 197
150 310
273 325
30 34
176 201
112 176
52 67
166 293
177 301
166 51
62 63
118 276
258 276
112 47
152 159
313 319
108 116
53 67
311 321
112 179
123 159
118 125
230 273
217 297
248 250
131 182
189 192
230 272
261 286
219 246
176 310
112 161
182 90
293 47
45 55
313 329
203 311
157 177
147 159
32 33
172 258
182 220
48 49
250 274
146 311
133 166
2 8
131 177
144 250
230 238
221 92
152 311
166 168
152 210
166 197
182 47
230 300
217 299
118 198
137 152
203 293
153 203
112 301
119 95
250 258
248 8
261 277
182 232
126 152
261 275
299 67
11 13
152 293
298 299
245 263
123 163
146 147
118 203
172 255
245 65
49 60
59 60
147 311
131 153
125 179
100 161
118 296
183 47
194 221
162 258
221 243
162 305
144 8
167 201
197 251
119 174
111 118
147 293
230 286
263 47
132 174
266 281
166 250
267 283
182 292
150 152
59 83
169 258
118 159
176 296
182 248
129 221
109 91
45 83
261 266
146 168
301 311
120 166
69 71
313 331
144 162
162 307
112 182
167 310
182 239
162 255
202 212
144 46
159 67
201 316
142 198
179 301
310 311
162 94
233 275
91 95
146 72
143 306
4 47
144 59
202 261
152 72
183 248
166 173
112 177
151 65
110 162
221 301
118 311
17 19
182 284
248 261
166 167
65 83
197 213
197 246
203 250
158 182
40 62
147 72
189 67
143 162
118 293
150 299
258 293
316 317
255 47
144 261
162 96
305 311
201 253
218 299
118 154
202 221
182 321
162 172
147 320
251 261
159 219
47 83
256 261
245 258
36 8
109 68
69 73
105 167
162 80
112 125
125 177
176 299
100 93
102 120
144 63
230 91
201 67
221 322
217 271
258 264
111 71
212 261
118 168
144 86
12 13
31 32
118 204
201 224
144 166
152 167
150 230
16 8
328 329
281 293
123 167
255 292
152 157
246 67
78 79
131 311
101 162
118 72
166 261
327 329
261 282
182 207
144 98
152 162
232 261
118 79
147 167
140 182
158 171
219 67
76 98
177 67
172 47
162 92
154 164
131 293
101 118
212 221
172 232
219 299
230 310
166 63
288 296
284 299
301 306
118 250
147 162
162 217
143 221
255 284
201 219
263 276
109 152
112 253
307 310
182 198
262 275
327 332
101 129
293 296
118 78
106 182
213 261
230 259
176 233
256 272
221 325
224 261
112 159
162 176
233 276
49 56
203 261
167 299
255 322
123 307
299 305
65 66
10 9
182 211
116 151
182 203
123 255
255 265
118 173
152 261
255 321
182 296
162 179
155 171
172 248
123 261
13 20
201 263
215 230
201 214
118 167
219 230
106 140
201 65
111 161
169 47
242 261
182 206
26 29
296 297
142 233
261 288
109 67
183 203
118 157
112 311
147 261
192 255
299 94
246 263
109 146
258 274
144 150
144 53
246 65
118 162
146 166
101 221
293 297
146 221
230 240
41 67
167 230
152 166
75 87
159 258
144 55
112 293
152 221
301 307
174 67
293 311
162 301
255 276
316 319
219 263
261 67
11 9
146 95
177 263
3 5
288 293
50 61
261 280
176 271
313 67
152 95
83 97
161 167
137 255
240 255
248 292
182 311
179 67
147 166
169 248
47 56
147 221
197 67
253 67
159 255
146 174
161 162
159 94
147 95
109 219
182 293
131 306
201 8
130 166
109 230
144 292
230 288
38 8
144 248
118 261
248 331
258 261
131 167
162 182
245 47
162 218
221 311
174 219
144 40
174 230
147 273
276 293
230 67
135 139
189 255
255 296
131 162
286 299
162 177
221 249
239 261
153 166
230 237
221 260
161 255
201 258
67 94
47 67
263 293
230 299
131 305
118 166
197 219
292 310
262 276
118 221
161 261
133 152
128 133
217 286
119 152
233 293
230 281
147 300
246 258
261 263
118 95
146 150
299 92
261 267
176 256
245 248
132 152
261 65
230 252
7 8
181 219
201 255
131 307
152 215
131 212
201 94
177 258
123 47
232 239
172 198
192 217
253 263
197 263
144 201
150 174
152 191
166 83
255 297
176 95
112 306
197 65
253 65
131 261
130 82
246 255
118 273
147 150
230 298
255 311
112 8
182 250
133 67
68 96
112 167
144 81
119 67
161 189
12 9
222 255
213 248
219 255
119 146
6 7
177 255
142 166
28 8
144 85
255 293
144 183
219 94
54 65
327 330
68 80
112 162
126 217
292 296
50 63
220 261
157 221
230 263
131 221
137 176
61 63
112 305
1 2
118 82
26 31
242 248
112 118
126 176
131 189
166 201
241 261
177 202
244 248
67 99
159 176
109 258
255 295
321 323
299 301
201 228
261 274
166 81
118 84
230 287
118 150
133 219
137 161
195 207
123 131
112 307
143 310
321 322
169 203
149 221
112 212
177 96
119 230
293 309
237 255
221 306
166 183
174 258
40 50
146 91
174 305
234 255
159 161
261 305
118 191
63 67
112 261
152 91
125 162
292 297
232 310
67 90
109 255
254 276
144 203
177 80
172 293
292 311
103 152
109 94
100 118
139 161
150 179
315 316
112 202
197 258
253 258
167 174
262 293
261 307
174 255
152 201
313 318
147 91
159 248
189 232
162 311
4 8
292 299
109 170
66 87
233 274
261 94
284 300
299 322
182 261
112 221
179 307
281 286
181 258
162 249
179 255
46 55
146 310
112 189
287 299
162 293
253 255
147 201
152 310
179 94
233 258
152 183
150 301
128 152
201 47
221 307
199 213
118 83
144 297
288 308
152 192
126 182
233 262
201 232
301 321
273 322
104 83
232 240
229 261
56 65
248 299
166 225
112 71
50 55
109 80
159 182
284 286
221 261
102 182
293 308
246 47
161 248
147 310
28 35
314 316
198 216
182 221
201 245
118 246
233 255
245 253
55 62
206 261
118 91
216 225
142 216
147 324
293 303
167 217
144 299
233 261
177 47
125 221
230 94
128 67
247 261
147 68
217 240
230 256
299 325
202 230
201 292
13 14
179 189
256 299
139 177
301 310
201 248
47 94
186 192
329 330
162 72
131 292
118 201
131 248
106 118
261 279
166 297
219 245
261 278
109 92
220 226
167 179
232 297
118 81
123 296
35 8
225 258
40 46
109 217
118 310
219 301
143 299
118 183
127 137
143 147
166 45
174 92
45 62
177 292
177 248
146 152
166 299
65 74
255 261
225 262
10 13
150 324
65 75
109 176
133 255
221 273
140 166
232 299
119 255
161 93
112 232
174 217
118 139
225 255
182 82
13 19
109 47
249 259
118 68
179 92
167 301
132 255
83 86
144 233
109 179
113 174
162 306
41 53
217 67
212 230
152 297
174 176
147 152
176 192
166 41
109 161
179 217
47 74
112 144
56 59
150 325
107 118
162 167
47 75
118 88
261 47
143 230
146 67
177 182
131 201
177 218
313 47
146 237
51 82
166 230
44 67
112 292
112 119
112 248
312 313
255 95
103 115
182 191
217 281
146 299
16 22
311 324
152 299
158 161
109 301
166 242
118 240
230 92
197 47
253 47
109 119
133 172
182 226
