320 224 0
182 297 1
121 263 0
118 127 1
280 94 0
233 45 0
97 185 0
292 281 0
217 146 1
118 120 1
118 161 1
255 177 1
10 11 1
182 105 1
174 113 1
231 138 0
299 248 1
206 82 0
62 61 1
180 47 0
120 134 0
257 293 0
291 320 0
275 285 0
81 144 1
67 51 1
332 260 0
245 263 1
216 259 0
166 168 1
195 89 0
152 288 1
45 83 1
118 197 1
15 94 0
88 288 0
66 170 0
131 67 1
311 261 1
230 162 1
247 238 0
11 285 0
115 103 1
261 18 0
131 221 1
230 221 1
232 178 0
230 295 1
67 176 1
201 45 1
170 136 0
110 263 0
179 123 1
316 163 0
142 282 0
178 69 0
171 155 1
206 100 0
299 230 1
118 255 1
194 44 0
234 70 0
152 292 1
261 280 1
21 6 0
185 161 0
276 233 1
13 7 1
118 92 1
261 303 1
293 274 1
256 146 0
10 63 0
166 293 1
107 125 0
67 95 1
214 16 0
8 191 0
46 141 0
79 46 0
267 65 0
217 248 1
116 194 0
230 292 1
325 67 0
269 270 1
255 119 1
121 235 0
261 255 1
16 318 0
146 168 1
112 98 0
109 293 1
143 170 1
67 136 1
177 119 1
252 277 0
120 296 0
67 82 1
309 91 0
248 293 1
183 213 1
8 6 1
311 176 1
8 313 1
192 19 0
143 223 0
299 218 1
232 133 1
147 321 1
63 39 0
255 162 1
49 8 0
124 138 1
326 125 0
327 300 0
299 201 1
177 91 1
293 46 0
219 47 1
63 108 0
109 170 1
228 135 0
258 313 1
87 259 0
298 309 0
219 159 1
167 67 1
261 152 1
157 238 0
219 313 1
152 128 1
22 245 0
256 267 1
296 308 1
93 324 0
201 203 1
288 128 0
323 279 0
311 287 1
265 301 0
201 251 1
256 92 0
45 47 1
73 69 1
219 297 1
43 18 0
182 106 1
182 198 1
213 16 0
23 24 1
130 148 1
212 179 0
319 119 0
213 199 1
114 132 0
176 292 1
54 218 0
75 148 0
47 316 1
65 48 1
289 30 0
234 102 0
110 149 0
239 4 0
200 324 0
118 139 1
118 145 1
201 8 1
160 130 1
302 263 0
159 179 1
152 101 1
290 242 0
310 292 1
280 1 0
166 150 1
112 100 1
243 295 0
109 315 0
111 256 0
11 152 0
284 224 0
49 15 0
212 241 0
310 94 1
182 94 1
207 159 0
112 65 1
258 233 1
109 91 1
188 132 0
63 321 0
166 147 1
5 201 0
146 232 1
263 68 0
47 75 1
166 274 1
311 160 0
181 211 0
310 112 1
203 253 1
109 94 1
20 202 0
311 67 1
112 177 1
255 157 1
261 144 1
246 65 1
134 303 0
301 293 1
150 322 1
118 126 1
248 244 1
263 183 1
50 157 0
182 163 1
258 231 1
326 52 0
45 59 1
83 100 0
201 193 1
266 133 0
218 221 1
254 264 0
114 138 0
299 221 1
144 82 1
112 95 1
83 6 0
287 86 0
310 118 1
70 282 0
331 286 0
275 323 0
81 205 0
229 263 0
201 169 1
152 93 1
112 92 1
83 190 0
233 82 0
145 208 0
147 94 1
47 56 1
147 189 0
299 162 1
308 193 0
106 261 0
196 230 0
248 177 1
109 69 0
188 294 0
59 56 1
297 130 0
57 289 0
85 144 1
290 112 0
92 235 0
144 50 1
177 122 0
146 307 1
290 217 0
198 313 0
327 328 1
128 161 0
167 176 1
328 316 0
74 46 0
261 128 1
212 262 0
261 219 1
137 324 0
131 79 0
284 70 0
148 158 1
166 182 1
258 167 1
164 168 0
21 287 0
127 33 0
293 307 1
112 176 1
67 52 1
225 144 1
220 284 0
136 231 0
261 283 1
254 126 0
325 36 0
166 297 1
35 154 0
275 117 0
44 180 0
112 170 1
112 152 1
225 142 1
310 230 1
50 238 0
296 118 1
267 281 1
66 87 1
271 254 0
47 33 1
49 69 0
65 25 0
217 159 1
204 210 0
261 242 1
203 293 1
118 65 1
192 189 1
112 182 1
130 35 0
125 78 0
7 9 0
31 299 0
40 62 1
137 300 0
295 156 0
59 154 0
206 239 1
115 239 0
97 270 0
41 215 0
302 153 0
162 96 1
11 163 0
180 4 0
322 92 0
67 292 1
38 2 0
182 2 0
109 159 1
171 262 0
122 35 0
136 61 0
299 307 1
50 140 0
177 292 1
261 161 1
230 202 1
157 149 1
217 176 1
227 75 0
255 192 1
182 191 1
129 74 0
140 185 0
233 275 1
321 257 0
327 2 0
26 111 0
112 70 1
118 76 1
281 324 0
158 175 0
328 45 0
135 66 0
9 264 0
229 277 0
230 252 1
195 278 0
88 317 0
67 313 1
325 89 0
90 262 0
255 292 1
8 4 1
293 262 1
229 332 0
172 182 1
118 330 0
121 49 0
69 193 0
157 79 0
238 57 0
179 161 1
174 176 1
225 322 0
234 332 0
306 143 1
109 307 1
299 36 0
323 104 0
232 285 1
324 96 0
261 77 0
152 273 0
261 218 1
152 256 1
230 259 1
311 292 1
239 19 0
145 309 0
72 311 0
172 123 1
321 324 1
152 222 1
301 123 1
268 259 0
44 273 0
152 95 1
25 128 0
63 94 0
30 214 0
175 310 0
47 29 1
230 307 1
296 264 0
320 201 0
230 159 1
118 57 1
174 150 1
199 313 0
24 166 0
174 204 1
167 255 1
289 231 0
136 54 0
188 170 0
253 168 0
108 116 1
255 273 1
273 325 1
94 90 1
38 198 0
312 111 0
118 181 1
230 109 1
112 255 1
286 9 0
221 149 1
79 107 0
143 241 0
20 145 0
91 312 0
177 72 1
125 221 1
224 51 0
159 123 1
67 78 1
217 222 1
37 38 1
8 27 1
300 221 1
210 151 0
176 284 1
147 99 1
118 153 1
105 242 0
230 287 1
301 162 1
176 276 0
118 67 1
2 172 0
201 213 1
152 306 1
239 232 1
326 299 0
254 65 0
54 175 0
261 257 1
118 84 1
149 180 0
297 288 1
287 110 0
36 209 0
41 152 0
312 168 0
17 218 0
182 126 1
162 292 1
70 119 0
234 276 0
33 32 1
208 40 0
304 27 0
29 18 0
245 47 1
197 321 0
311 177 1
28 195 0
299 311 1
301 182 1
137 100 1
152 157 1
299 123 1
174 202 1
96 236 0
293 79 0
118 146 1
286 40 0
182 221 1
11 291 0
276 61 0
217 256 1
261 168 1
311 162 1
20 314 0
261 278 1
16 170 0
331 91 0
128 67 1
103 241 0
83 108 0
131 306 1
109 306 1
299 109 1
297 206 0
255 263 1
26 31 1
112 161 1
243 276 0
261 313 1
320 133 0
261 292 1
332 239 0
217 219 1
141 177 1
209 98 0
276 118 1
230 234 1
266 267 1
149 146 0
197 250 1
164 220 0
217 152 1
232 143 0
10 146 0
256 271 1
248 292 1
86 299 0
255 305 1
182 154 1
252 141 0
48 228 0
162 95 1
78 120 0
299 325 1
76 98 1
238 97 0
320 282 0
162 243 1
112 94 1
296 112 1
201 65 1
78 323 0
141 271 0
169 214 0
233 262 1
43 308 0
196 151 0
219 263 1
271 267 1
311 143 1
73 107 0
261 294 1
109 179 1
131 248 1
118 173 1
301 217 1
311 284 1
199 21 0
172 293 1
82 213 0
245 140 0
77 99 0
330 147 0
311 320 1
293 305 1
299 143 1
194 67 0
109 177 1
316 318 1
248 128 0
261 263 1
114 321 0
144 46 1
98 276 0
119 150 1
162 94 1
130 145 1
255 313 1
17 283 0
69 71 1
255 132 1
255 272 1
92 142 0
10 31 0
119 221 1
86 312 0
298 189 0
44 210 0
258 131 1
136 185 0
261 197 1
316 167 0
204 191 0
219 67 1
166 148 1
67 153 1
154 204 0
298 36 0
109 321 1
74 176 0
306 52 0
232 2 0
118 313 1
247 262 0
56 127 0
146 119 1
299 310 1
82 102 0
221 307 1
243 135 0
259 226 0
304 323 0
299 186 0
146 109 1
221 322 1
275 75 0
172 147 1
247 213 0
97 282 0
118 240 1
273 284 1
90 128 0
19 17 1
276 37 0
237 212 0
255 295 1
157 315 0
112 90 1
112 230 1
180 46 0
179 201 0
219 230 1
112 47 1
261 229 1
137 29 0
92 270 0
129 11 0
239 322 0
15 141 0
67 144 1
287 156 0
108 75 1
167 307 1
1 38 0
207 241 0
147 95 1
272 256 1
3 200 0
45 63 1
220 74 0
182 168 0
169 144 1
253 243 0
197 138 0
13 207 0
276 293 1
314 248 0
119 179 1
118 288 1
273 68 0
67 90 1
261 268 1
54 60 1
59 238 0
217 126 1
106 35 0
111 67 1
297 262 1
263 203 1
67 47 1
272 230 1
162 80 1
258 230 1
293 284 1
309 306 0
276 299 0
182 164 1
112 84 1
162 202 1
327 58 0
45 144 1
67 130 0
76 291 0
255 230 1
14 131 0
264 19 0
241 65 0
219 183 1
146 284 1
330 240 0
248 203 1
108 30 0
83 252 0
258 299 1
304 39 0
119 244 0
162 284 1
58 138 0
281 10 0
133 195 0
266 69 0
264 213 0
191 29 0
324 257 0
250 257 0
236 282 0
261 206 1
167 146 1
65 183 1
176 189 1
254 310 0
295 273 0
152 221 1
296 303 1
174 67 1
44 29 0
296 216 1
209 19 0
118 232 1
120 106 1
250 246 1
109 108 0
201 185 1
256 189 1
301 286 1
299 159 1
144 53 1
13 21 1
247 309 0
118 293 1
118 253 1
287 90 0
212 150 1
152 263 1
101 311 0
256 182 1
217 212 1
177 190 1
228 253 0
111 112 1
197 251 1
58 279 0
229 92 0
273 123 1
174 102 0
219 65 1
296 256 1
219 253 1
280 310 0
312 187 0
88 35 0
109 80 1
256 232 1
236 26 0
197 234 0
219 162 1
263 246 1
88 178 0
301 147 1
275 264 0
293 286 1
299 147 1
148 321 0
182 47 1
172 174 1
147 67 1
255 94 1
201 318 1
182 120 1
174 95 1
138 219 0
260 326 0
311 102 0
302 110 0
152 146 1
290 135 0
203 288 1
249 311 0
45 40 1
311 203 1
201 293 1
234 158 0
301 152 1
191 259 0
299 293 1
272 204 0
23 113 0
121 202 0
221 249 1
131 310 1
93 163 0
65 176 1
147 284 1
261 308 1
92 153 0
67 65 1
236 263 0
105 123 1
217 94 1
143 40 0
253 103 0
261 222 1
117 209 0
201 98 0
39 220 0
182 326 0
169 276 0
62 46 1
313 318 1
3 67 0
258 133 1
248 83 1
299 256 1
221 95 1
104 77 0
5 126 0
140 273 0
91 51 0
258 208 1
223 71 0
128 267 0
43 171 0
43 147 0
150 176 1
223 58 0
273 230 1
58 83 1
3 311 0
255 161 1
255 288 1
34 265 0
103 130 0
67 150 1
182 321 1
291 141 0
201 182 1
176 307 1
302 312 0
102 323 0
265 210 0
131 265 0
66 101 0
108 158 0
166 177 1
148 177 0
89 66 0
118 144 1
261 279 1
325 280 0
142 45 1
261 133 1
176 101 1
197 24 0
296 276 1
263 211 0
230 232 1
123 307 1
255 286 1
224 169 0
159 102 0
20 188 0
255 184 1
65 64 1
217 284 1
174 89 1
172 261 1
293 287 0
312 295 0
26 75 0
172 131 1
255 223 1
260 179 1
190 23 0
166 63 1
244 55 0
58 286 0
156 192 0
288 277 0
201 233 1
166 142 1
167 293 1
37 8 1
55 62 1
202 259 0
258 245 1
265 305 0
285 81 0
162 179 1
168 186 0
126 161 1
299 17 0
261 118 1
250 182 1
118 47 1
166 206 1
173 159 0
124 63 0
311 217 1
150 91 1
109 182 1
5 96 0
177 204 1
294 319 0
19 20 1
50 42 0
112 146 1
265 133 0
50 269 0
52 271 0
248 214 1
78 250 0
167 162 1
147 324 1
195 314 0
201 174 1
131 118 1
98 192 0
258 174 1
101 187 0
256 240 1
147 163 0
317 144 0
24 142 0
64 25 0
254 229 1
250 64 0
232 58 0
125 179 1
113 112 0
54 65 1
86 2 0
326 176 0
258 183 1
258 219 1
277 48 0
322 171 0
57 69 1
245 81 0
167 230 1
58 48 0
128 182 1
150 221 1
319 295 0
289 274 0
152 186 1
166 67 1
174 133 0
230 288 1
275 281 0
210 156 0
261 119 1
330 178 0
201 313 1
131 109 1
197 49 0
217 273 0
301 306 1
255 67 1
118 222 1
249 90 0
133 79 0
147 91 1
166 162 1
47 232 1
109 221 1
313 317 1
301 230 1
167 172 1
123 41 0
22 78 0
146 43 0
57 17 0
227 273 0
201 199 1
131 46 0
67 54 0
132 156 0
139 161 1
150 144 1
253 144 1
261 139 0
39 297 0
118 169 1
233 229 1
67 53 1
202 167 0
212 182 1
201 96 0
233 219 1
219 144 1
293 179 1
310 182 1
47 74 1
315 212 0
144 93 0
177 157 1
295 121 0
117 72 0
89 138 0
191 158 0
210 178 0
237 18 0
13 18 1
311 201 1
308 142 0
230 94 1
73 315 0
98 152 0
230 212 1
44 48 0
311 232 1
119 306 1
261 240 1
293 117 0
140 252 0
294 197 0
94 99 1
92 176 1
248 39 0
299 2 0
164 63 0
114 254 0
131 230 1
173 211 0
58 56 1
177 47 1
293 246 1
167 118 1
224 77 0
162 150 1
80 190 0
54 85 0
316 1 0
273 139 0
103 305 0
301 307 1
203 251 1
279 203 0
47 253 1
274 142 0
58 47 1
58 242 0
1 170 0
152 67 1
167 250 0
176 232 1
30 159 0
224 183 1
273 109 1
135 206 0
266 15 0
50 46 1
162 293 1
177 96 1
299 119 1
313 316 1
271 266 1
230 281 1
302 244 0
152 284 1
95 101 1
148 145 1
72 132 0
195 207 1
42 26 0
296 123 1
202 304 0
67 161 1
317 315 1
221 107 0
97 210 0
217 239 1
120 297 0
276 248 1
189 116 0
277 50 0
25 246 0
139 190 0
318 312 1
177 150 1
115 97 0
12 279 0
62 50 1
67 79 1
163 143 0
200 213 1
245 246 1
301 311 1
158 162 0
299 95 1
65 144 1
150 290 0
123 7 0
102 326 0
258 176 1
17 74 0
233 152 1
112 292 1
21 146 0
152 119 1
313 308 0
104 127 0
18 130 0
22 331 0
118 174 1
291 214 0
8 144 1
105 27 0
57 203 0
329 155 0
210 168 0
40 144 1
261 212 1
261 109 1
255 127 1
182 306 1
262 216 1
109 327 0
67 123 1
57 318 0
100 91 0
226 59 0
230 6 0
35 325 0
233 142 1
8 248 1
150 202 1
166 128 1
147 260 1
118 260 1
47 42 1
221 157 1
32 129 0
329 40 0
248 144 1
316 221 0
87 273 0
1 120 0
112 306 1
65 151 1
293 216 1
145 47 0
224 242 1
142 299 0
73 130 0
110 184 0
146 279 0
81 85 1
134 239 0
168 274 0
169 228 0
257 29 0
6 293 0
261 173 1
130 120 1
223 289 0
44 99 0
174 177 1
22 241 0
158 305 0
167 191 1
262 292 1
265 228 0
208 165 0
152 307 1
313 315 1
144 32 0
271 281 1
261 85 1
116 66 1
39 211 0
279 115 0
100 317 0
33 100 0
225 232 1
238 169 0
267 79 0
122 231 0
302 204 0
228 236 1
290 256 0
283 30 0
170 242 0
306 307 1
269 294 0
313 6 0
169 183 1
31 309 0
278 42 0
174 219 1
152 161 1
266 276 0
41 319 0
166 101 0
183 75 0
260 288 0
244 287 0
221 129 1
264 13 0
236 122 0
201 144 1
54 56 0
112 91 1
272 266 1
119 190 0
217 218 1
53 227 0
252 20 0
152 100 1
85 83 1
278 170 0
298 221 1
212 221 1
261 162 1
217 192 1
70 96 0
254 162 0
118 78 1
257 111 0
113 147 0
176 306 1
171 285 0
157 252 0
246 324 0
142 293 1
152 72 1
248 213 1
201 253 1
166 197 1
230 157 1
30 220 0
234 254 0
8 65 1
64 33 0
312 164 0
56 71 0
112 194 0
219 150 1
256 176 1
262 71 0
62 293 0
258 91 0
255 271 1
152 125 1
75 171 0
237 113 0
40 46 1
263 169 1
260 221 1
261 310 1
21 286 0
131 112 1
182 82 1
141 29 0
245 203 1
177 218 1
131 177 1
248 263 1
102 113 0
8 170 0
111 251 0
244 301 0
212 139 0
312 37 0
42 215 0
78 246 0
225 101 0
230 152 1
166 232 1
162 248 1
9 218 0
254 304 0
199 278 0
118 10 0
102 245 0
118 88 1
83 247 0
261 246 1
26 87 0
152 162 1
118 90 1
248 47 1
219 152 1
201 67 1
294 60 0
217 286 1
174 91 1
120 327 0
303 277 0
258 297 1
262 265 0
255 133 1
166 245 1
311 307 1
132 97 0
235 41 0
84 30 0
284 306 1
89 37 0
225 237 0
112 293 1
167 310 1
182 133 1
147 159 1
301 143 0
152 92 1
167 107 0
100 321 0
92 66 0
278 311 0
67 133 1
201 245 1
230 235 1
143 244 0
179 189 1
112 202 1
82 277 0
255 259 1
84 134 0
77 71 1
219 248 1
118 134 1
162 321 1
230 176 1
224 151 0
99 176 1
200 306 0
83 275 0
201 109 1
192 24 0
102 107 1
328 206 0
182 290 0
327 209 0
261 136 0
237 5 0
152 212 1
296 217 1
112 221 1
319 202 0
230 260 1
8 71 0
230 182 1
16 70 0
116 74 1
144 98 1
309 68 0
130 82 1
58 157 0
224 29 0
159 176 1
172 232 1
310 306 1
257 245 0
65 253 1
114 106 0
118 186 1
299 161 1
152 305 1
23 272 0
159 22 0
172 146 1
55 46 1
324 145 0
118 154 1
176 116 0
150 276 0
313 144 0
261 202 1
235 282 0
118 202 1
229 102 0
331 201 0
8 30 1
198 168 0
118 218 1
40 215 0
53 139 0
77 324 0
237 109 0
47 176 1
260 177 1
150 47 1
127 294 0
230 240 1
159 175 0
85 53 0
276 166 1
230 92 1
112 179 1
82 53 1
299 219 1
118 297 1
175 53 0
166 75 1
281 256 0
303 16 0
255 283 1
260 146 1
188 189 0
97 46 0
109 203 1
85 234 0
183 144 1
107 90 0
14 300 0
175 46 0
228 272 0
176 40 0
74 316 0
147 176 1
21 19 0
138 30 0
23 67 0
258 203 1
221 321 1
216 11 0
242 130 0
246 183 1
137 161 1
172 118 1
57 143 0
263 304 0
217 306 1
172 144 1
261 232 1
166 198 1
217 230 1
248 153 1
254 185 0
204 115 0
227 284 0
258 162 1
122 84 0
118 96 1
90 165 0
162 288 1
146 177 1
258 276 1
298 37 0
255 293 1
167 292 1
40 50 1
197 235 0
261 239 1
321 198 0
28 317 0
152 91 1
42 57 0
36 43 0
274 178 0
109 161 1
92 143 1
167 217 1
7 79 0
217 221 1
195 32 0
188 272 0
203 90 0
205 4 0
166 313 1
161 286 0
278 32 0
180 172 0
68 55 0
311 248 1
80 63 0
293 65 1
206 193 0
157 3 0
198 216 1
166 11 0
12 247 0
182 67 1
123 194 0
167 302 1
66 68 0
177 125 1
255 281 1
141 120 0
262 192 0
164 167 0
255 266 1
296 262 1
255 125 1
189 144 0
310 307 1
258 120 1
261 286 1
166 203 1
174 152 1
190 226 0
23 119 0
179 330 0
299 92 1
266 274 0
53 220 0
153 293 1
255 189 1
261 216 1
145 21 0
225 255 1
152 47 1
230 238 1
137 304 0
128 142 1
85 203 0
183 195 0
131 212 1
257 189 0
55 144 1
242 318 0
146 80 1
8 23 1
310 221 1
9 11 1
232 307 1
315 146 0
165 196 0
217 74 0
66 269 0
152 150 1
172 255 1
166 292 1
261 65 1
179 306 1
258 118 1
74 163 0
118 147 1
152 159 1
275 87 0
163 123 1
263 150 1
271 283 1
105 234 0
46 214 0
261 250 1
158 171 1
118 292 1
82 157 0
118 198 1
118 94 1
233 248 1
53 134 0
108 229 0
146 237 1
311 131 1
278 58 0
163 141 0
94 186 0
47 144 1
90 325 0
83 86 1
138 260 0
263 293 1
227 297 0
192 18 0
167 139 1
40 326 0
95 91 1
109 90 0
103 149 0
68 94 0
172 332 0
191 42 0
142 144 1
217 263 1
304 62 0
134 83 0
194 2 0
201 214 1
100 275 0
221 179 1
301 292 1
110 300 0
217 321 1
262 320 0
135 134 0
281 248 0
122 309 0
201 29 0
260 4 0
58 225 0
91 286 0
261 269 1
131 147 1
74 164 0
302 123 1
118 219 1
150 324 1
172 200 0
188 183 0
182 220 1
183 99 0
255 95 1
330 69 0
152 109 1
168 27 0
273 162 1
230 190 1
23 131 0
201 205 1
47 208 0
312 186 0
103 31 0
112 203 1
261 153 1
62 267 0
230 293 1
145 33 0
248 114 0
13 14 1
147 325 1
4 28 0
207 257 0
16 308 0
145 244 0
27 126 0
166 176 1
258 143 0
152 80 1
65 66 1
311 109 1
201 276 1
126 172 0
127 106 0
37 253 0
297 95 0
300 301 1
166 169 1
177 257 0
154 171 1
182 177 1
58 203 0
172 230 1
278 49 0
109 150 1
57 120 0
67 177 1
296 233 1
149 280 0
69 214 0
172 217 1
8 38 1
226 220 1
246 108 0
152 132 1
154 228 0
310 149 0
76 18 0
104 113 0
86 289 0
67 94 1
245 65 1
118 129 1
316 286 0
197 245 1
45 140 0
174 278 0
210 7 0
48 49 1
319 188 0
147 320 1
230 222 1
266 281 1
151 124 0
299 166 1
145 217 0
48 80 0
166 173 1
192 123 0
316 107 0
197 163 0
210 38 0
201 308 0
213 235 0
147 292 1
36 38 1
181 284 0
67 44 1
300 216 0
311 147 1
118 107 1
200 4 0
131 170 1
7 201 0
255 221 1
125 240 0
204 263 0
118 81 1
299 4 0
261 245 1
124 263 0
138 212 0
182 248 1
248 316 1
147 217 1
166 41 1
310 150 1
112 174 1
11 84 0
142 121 1
178 112 0
230 227 1
263 144 1
117 315 0
98 318 0
219 197 1
166 217 1
147 68 1
55 63 1
250 234 0
25 330 0
161 22 0
261 309 1
34 13 0
108 260 0
262 229 1
136 305 0
265 220 0
202 176 1
38 62 0
67 253 1
309 186 0
182 92 1
174 125 1
167 152 1
301 310 1
40 311 0
319 325 0
118 164 1
142 65 1
152 189 1
248 253 1
71 64 0
131 293 1
74 202 0
27 263 0
311 6 0
169 203 1
330 14 0
259 110 0
255 212 1
192 243 0
167 182 1
282 161 0
56 153 0
146 287 0
222 176 1
182 263 1
297 330 0
316 319 1
168 119 0
129 80 0
166 144 1
88 254 0
100 173 0
203 183 1
59 190 0
79 158 0
142 234 0
307 165 0
137 139 1
315 233 0
174 305 1
248 331 1
26 151 0
318 87 0
106 105 0
95 291 0
239 50 0
174 321 1
250 144 1
239 241 0
109 19 0
92 91 1
312 172 0
48 38 0
70 325 0
47 100 0
124 229 0
261 176 1
293 240 0
313 260 0
201 47 1
45 55 1
60 118 0
217 203 0
258 216 1
166 253 1
198 320 0
233 260 0
199 79 0
258 152 1
7 311 0
53 131 0
293 309 1
2 155 0
174 132 1
217 305 0
329 330 1
202 324 0
263 65 1
273 259 1
313 329 1
118 111 1
11 326 0
112 101 1
301 232 1
166 181 1
27 44 0
151 167 0
248 313 1
297 232 1
12 9 1
103 150 0
192 114 0
182 216 1
182 196 1
131 219 1
84 96 0
316 314 1
62 76 0
230 263 1
129 86 0
39 141 0
69 43 0
146 189 1
182 21 0
108 48 0
177 220 0
308 7 0
109 95 1
59 251 0
112 253 1
250 221 0
307 129 0
230 91 1
174 143 1
146 221 1
1 107 0
317 168 0
273 332 0
204 158 0
161 93 1
213 122 0
128 105 0
274 150 0
2 323 0
315 292 0
182 102 1
91 55 0
147 306 1
66 252 0
166 133 1
112 123 1
186 108 0
98 319 0
302 200 0
217 182 1
136 45 0
182 192 1
242 251 1
146 68 0
111 152 1
310 232 1
199 33 0
120 223 0
147 109 1
308 174 0
273 331 0
152 248 1
17 287 0
277 267 0
8 13 1
112 295 0
8 5 1
105 126 0
109 67 1
313 159 0
182 90 1
299 150 1
313 165 0
100 78 0
131 182 1
328 329 1
30 11 0
229 147 0
212 109 1
243 221 1
263 111 0
311 255 1
232 198 1
182 293 1
132 200 0
293 281 1
230 161 1
230 125 1
287 130 0
171 131 0
219 123 1
261 281 1
187 302 0
261 166 1
112 150 1
47 83 1
251 270 0
261 221 1
115 197 0
258 250 1
259 254 0
57 202 0
128 214 0
221 143 1
118 109 1
13 17 1
317 22 0
109 248 1
170 228 0
168 301 0
261 182 1
207 271 0
311 321 1
255 297 1
214 135 0
149 145 0
38 139 0
118 256 1
118 229 1
152 252 1
91 186 0
197 144 1
146 161 1
177 293 1
258 130 1
126 94 0
173 269 0
64 60 1
264 126 0
169 225 0
332 70 0
81 230 0
172 91 0
67 183 1
179 214 0
169 213 1
167 166 1
301 131 1
261 94 1
282 303 0
71 240 0
321 325 1
23 171 0
117 242 0
112 212 1
68 192 0
293 306 1
269 115 0
119 202 0
293 292 1
109 87 0
310 293 1
218 249 1
243 178 0
153 178 0
16 114 0
20 34 0
146 332 0
19 13 1
331 55 0
251 283 0
75 116 1
131 94 1
221 176 1
118 91 1
193 121 0
166 248 1
246 47 1
219 182 1
255 149 1
51 63 0
260 249 1
230 284 1
219 109 1
85 176 0
4 179 0
263 213 1
120 102 1
217 119 1
112 232 1
261 267 1
146 292 1
35 246 0
201 177 1
293 303 1
177 111 0
316 317 1
186 286 0
116 251 0
166 180 0
233 79 0
24 289 0
239 262 1
203 47 1
131 319 0
147 298 1
228 59 0
201 228 1
43 53 0
59 263 0
310 176 1
310 147 1
217 240 1
170 129 0
158 71 0
230 256 1
264 201 0
197 157 0
1 207 0
242 316 0
47 174 0
273 177 1
264 261 0
261 325 0
262 288 1
283 281 1
316 209 0
109 119 1
141 9 0
245 121 0
131 181 0
258 47 1
196 265 0
36 14 0
108 234 0
69 304 0
167 219 1
166 251 1
255 182 1
12 13 1
233 254 1
131 166 1
177 155 0
140 168 0
288 275 1
52 190 0
200 312 0
268 188 0
239 102 0
30 100 0
218 5 0
111 161 1
325 17 0
233 68 0
94 198 0
225 301 0
182 307 1
152 293 1
217 189 1
301 94 1
261 274 1
217 307 1
256 109 0
326 60 0
146 305 1
220 96 0
332 92 0
52 120 0
255 287 1
217 162 1
118 155 1
29 157 0
118 250 1
42 108 0
84 194 0
38 243 0
152 187 1
261 131 1
29 33 1
261 181 1
330 198 0
118 221 1
4 312 0
151 250 0
186 130 0
230 95 1
65 39 1
322 188 0
297 252 0
58 144 0
99 120 0
146 92 1
131 150 1
218 179 1
46 90 0
118 152 1
152 99 1
165 41 0
311 125 0
169 47 1
258 198 1
258 253 1
262 323 0
150 321 1
296 176 1
301 161 1
314 5 0
302 111 0
192 220 0
79 78 1
12 232 0
222 290 0
7 247 0
76 82 1
195 309 0
289 126 0
296 67 1
172 115 0
279 34 0
191 102 0
261 291 1
167 159 1
91 50 0
182 145 1
201 217 1
174 146 1
242 33 0
316 312 1
184 6 0
96 1 0
62 63 1
85 77 0
296 225 1
259 159 0
310 109 1
297 292 1
219 169 1
154 28 0
10 183 0
162 67 1
10 13 1
307 305 1
8 3 1
255 218 1
47 123 1
261 247 1
201 131 1
147 249 1
158 196 0
67 246 1
93 66 0
289 224 0
109 202 1
255 65 1
182 203 1
286 169 0
238 313 0
312 198 0
197 263 1
172 67 1
261 169 1
53 143 0
112 99 1
282 131 0
169 24 0
118 273 1
106 241 0
177 321 1
2 71 0
182 123 1
190 254 0
234 269 0
258 181 1
219 246 1
94 176 1
295 44 0
209 93 0
153 203 1
201 230 1
112 263 1
326 13 0
301 150 1
276 255 1
118 162 1
166 288 1
197 130 0
302 130 0
179 305 0
306 271 0
26 29 1
166 200 0
118 290 0
182 137 0
146 179 1
178 136 0
152 215 1
66 151 1
83 49 0
13 6 1
201 166 1
56 31 0
75 51 0
47 183 1
112 149 1
159 209 0
234 200 0
17 25 0
301 248 1
313 331 1
182 232 1
179 307 1
113 189 0
47 59 1
152 182 1
15 328 0
69 72 0
252 139 0
155 189 0
293 133 1
198 98 0
55 61 1
73 327 0
281 323 0
146 95 1
321 31 0
149 311 0
57 71 1
161 220 0
221 1 0
103 124 0
22 184 0
20 96 0
258 201 1
82 120 0
313 47 1
147 307 1
286 76 0
261 220 1
12 2 0
280 39 0
166 106 1
166 174 1
258 248 1
136 50 0
145 4 0
19 148 0
22 220 0
190 189 0
279 232 0
136 320 0
258 314 0
29 329 0
18 210 0
261 159 1
258 150 1
261 47 1
219 198 1
4 2 1
182 246 1
211 221 0
172 133 1
38 91 0
316 37 0
250 263 1
236 1 0
315 79 0
138 286 0
30 52 0
217 242 0
118 306 1
147 146 1
118 137 1
265 176 0
223 146 0
168 85 0
299 152 1
131 69 0
137 126 1
315 81 0
35 242 0
146 218 1
261 147 1
294 329 0
159 161 1
245 248 1
182 207 1
176 126 1
120 164 0
84 104 0
55 169 0
84 304 0
255 219 1
152 94 1
152 113 1
255 98 0
177 80 1
241 94 0
109 68 1
258 261 1
292 35 0
59 93 0
153 154 0
277 230 0
82 3 0
132 238 0
261 112 1
258 263 1
177 144 1
134 240 0
262 275 1
110 86 0
202 204 1
261 174 1
58 292 0
311 94 1
214 322 0
109 232 1
116 151 1
310 173 0
167 123 1
310 119 1
6 19 0
313 314 1
231 52 0
130 153 0
165 83 0
147 111 0
154 88 0
28 211 0
168 311 0
47 49 1
101 80 1
230 243 1
299 321 1
118 143 1
35 28 1
54 59 1
167 147 1
166 47 1
220 82 0
2 29 0
261 189 1
108 150 0
188 200 0
201 250 1
254 141 0
213 144 1
172 112 1
118 130 1
10 302 0
201 236 1
110 202 0
126 183 0
158 218 0
85 93 0
19 67 0
152 103 1
123 300 0
152 265 0
301 67 1
174 161 1
157 95 0
182 239 1
301 261 1
162 143 1
7 196 0
193 235 0
100 161 1
221 252 1
319 264 0
26 22 1
261 38 0
261 251 1
118 73 1
311 322 1
169 168 0
58 45 1
227 155 0
160 320 0
55 9 0
310 143 1
301 179 1
263 313 1
222 215 0
20 23 0
230 237 1
301 219 1
275 277 0
108 297 0
30 16 0
254 78 0
55 11 0
310 162 1
167 131 1
97 242 0
323 40 0
283 206 0
276 263 1
195 300 0
124 205 0
147 59 0
255 91 1
117 312 0
299 298 1
202 201 0
221 128 0
196 271 0
89 12 0
212 202 1
296 255 1
162 182 1
163 233 0
311 313 0
182 226 1
135 267 0
1 81 0
30 176 0
131 176 1
213 239 0
150 270 0
94 65 0
43 72 0
200 55 0
209 35 0
160 69 0
307 79 0
80 142 0
258 128 1
137 132 0
253 323 0
63 4 0
82 140 1
230 223 1
169 246 1
201 48 0
162 221 1
201 83 1
152 297 1
66 322 0
45 61 1
88 93 0
197 48 0
191 87 0
258 288 1
67 71 1
118 203 1
172 47 1
233 250 0
75 151 1
264 119 0
182 206 1
142 100 0
13 203 0
18 205 0
172 166 1
301 256 0
207 7 0
167 299 1
261 248 1
38 120 0
92 121 0
197 223 0
272 94 0
261 284 1
275 219 0
321 322 1
172 162 1
100 84 0
286 266 1
167 248 1
319 224 0
124 174 0
166 216 1
174 217 1
195 231 0
102 161 0
118 216 1
118 217 1
36 137 0
46 63 1
147 152 1
127 77 0
179 53 0
230 67 1
38 45 0
296 288 1
124 112 0
166 25 0
326 90 0
147 230 1
131 97 0
276 297 1
258 109 1
258 255 1
239 216 1
166 214 0
207 316 0
261 183 1
203 144 1
292 25 0
152 127 1
261 288 1
248 150 1
230 189 1
43 66 0
310 177 1
121 223 0
246 213 1
202 190 1
316 250 0
95 26 0
299 322 1
174 182 1
293 253 1
289 13 0
103 311 0
8 28 1
165 248 0
291 171 0
32 126 0
50 61 1
182 274 1
118 45 1
222 224 0
166 130 1
90 259 0
106 135 0
248 183 1
20 17 1
73 168 0
118 284 1
112 219 1
248 168 1
212 176 1
95 193 0
310 255 1
263 253 1
248 274 1
230 119 1
273 147 1
301 221 1
152 126 1
319 267 0
75 74 1
322 163 0
48 103 0
174 218 1
202 221 1
118 95 1
218 176 1
145 27 0
286 35 0
69 268 0
145 192 0
299 146 1
139 135 1
146 176 1
134 136 1
162 300 0
191 9 0
266 245 0
255 248 1
285 10 0
65 59 1
21 85 0
124 249 0
289 15 0
173 21 0
311 325 1
152 149 1
16 100 0
45 62 1
137 255 1
166 152 1
303 245 0
8 7 1
127 242 0
124 83 0
264 36 0
273 174 1
174 138 0
166 82 1
327 157 0
314 82 0
274 229 1
112 248 1
25 258 0
261 307 1
233 144 1
66 152 0
143 303 0
174 119 1
162 110 1
233 306 0
299 232 1
118 225 1
67 293 1
201 108 1
118 101 1
66 99 0
255 129 1
97 104 1
144 104 1
32 156 0
286 300 0
112 217 1
261 271 1
93 75 0
65 108 1
297 293 1
177 95 1
201 124 1
215 299 0
146 182 1
271 112 0
34 301 0
299 306 1
161 28 0
187 68 0
122 137 0
325 186 0
21 153 0
121 52 0
244 272 0
125 170 1
64 325 0
312 150 0
185 256 0
147 72 1
166 219 1
65 116 1
203 65 1
217 292 1
324 89 0
325 193 0
266 70 0
159 94 1
48 212 0
162 34 0
67 45 1
118 263 1
255 92 1
118 166 1
182 222 1
215 301 0
329 197 0
162 305 1
146 282 0
82 145 0
255 260 1
73 236 0
131 153 1
118 158 1
299 89 0
7 22 0
179 91 1
153 65 0
131 174 1
302 34 0
248 318 1
249 277 0
161 141 0
68 96 1
138 322 0
150 325 1
67 63 1
201 263 1
281 246 0
78 114 0
220 273 0
255 215 1
147 221 1
261 150 1
36 35 1
234 79 0
107 68 0
59 14 0
303 221 0
23 247 0
256 312 0
152 129 1
201 248 1
80 214 0
311 174 1
219 203 1
174 307 1
67 62 1
264 30 0
219 274 1
85 116 0
92 316 0
142 99 0
35 40 0
139 173 0
313 312 1
220 49 0
118 204 1
100 93 1
258 274 1
258 172 1
84 293 0
163 122 1
121 39 0
183 19 0
118 71 1
147 248 1
73 196 0
255 144 1
232 165 0
172 225 1
120 152 0
261 282 1
42 315 0
162 249 1
166 112 1
225 130 0
45 50 1
261 305 1
67 179 1
166 183 1
197 183 1
280 216 0
234 305 0
29 31 1
118 82 1
237 175 0
14 275 0
248 94 1
189 161 1
167 189 1
258 260 0
253 213 1
311 182 1
166 65 1
20 107 0
34 313 0
87 114 0
152 192 1
301 109 1
244 121 0
309 174 0
10 115 0
201 75 1
146 94 1
4 326 0
59 144 1
162 212 1
11 221 0
58 60 1
167 308 0
118 305 1
93 236 0
97 199 0
78 45 0
84 231 0
65 83 1
166 175 1
223 302 0
199 174 0
183 138 1
261 297 1
246 144 1
112 189 1
245 253 1
301 159 1
67 43 1
131 62 0
180 51 0
81 150 0
227 317 0
152 90 1
255 246 1
144 220 0
182 140 1
212 207 0
116 157 0
182 160 1
107 299 0
109 144 1
261 177 1
248 65 1
31 303 0
75 87 1
248 232 1
182 284 1
56 60 1
299 176 1
118 179 1
112 71 1
255 152 1
271 109 0
311 118 1
158 208 0
11 98 0
224 220 0
207 299 0
162 218 1
176 144 1
118 274 1
250 248 1
317 79 0
276 261 1
262 195 0
146 202 1
255 123 1
109 37 0
296 78 0
8 47 1
128 57 0
299 131 1
155 203 0
297 144 1
192 76 0
67 159 1
296 232 1
129 126 0
196 328 0
112 144 1
152 115 1
83 64 0
311 310 1
98 238 0
44 82 0
81 220 0
180 256 0
19 129 0
192 222 1
327 329 1
229 79 0
214 88 0
245 206 0
22 31 0
71 149 0
147 218 1
34 158 0
114 249 0
137 152 1
276 302 0
123 148 0
217 281 1
54 134 0
71 84 0
133 26 0
299 182 1
67 108 0
217 123 1
230 56 0
99 161 1
233 125 0
257 285 0
100 49 0
299 172 1
112 93 0
245 242 1
224 274 0
8 1 1
131 47 1
301 255 1
151 310 0
251 176 0
40 61 1
8 16 1
67 232 1
40 289 0
255 217 1
255 289 1
201 261 1
88 109 0
230 149 1
242 118 0
118 68 1
182 189 1
322 168 0
217 297 1
160 83 0
32 40 0
255 322 1
60 79 0
231 219 0
162 92 1
301 321 1
301 299 1
293 144 1
53 27 0
166 233 1
222 1 0
307 190 0
73 241 0
162 237 1
166 123 1
304 330 0
197 169 1
182 313 1
8 112 1
301 287 1
261 306 1
228 62 0
221 284 1
148 328 0
164 319 0
66 22 0
298 257 0
35 268 0
77 94 1
255 109 1
166 242 1
255 249 1
233 266 0
146 159 1
138 33 0
55 149 0
323 46 0
67 291 0
289 213 0
166 120 1
182 119 1
174 221 1
246 313 1
155 26 0
176 305 1
322 98 0
229 45 0
152 136 1
183 253 1
128 71 0
119 321 1
240 225 0
57 329 0
152 218 1
131 119 1
176 81 0
45 65 1
98 135 0
12 320 0
233 77 0
254 22 0
166 213 1
143 109 0
142 229 1
258 225 1
127 247 0
237 253 0
67 274 1
299 284 1
131 292 1
34 207 0
67 50 1
248 173 1
4 1 1
127 284 0
35 84 0
136 81 0
150 320 1
112 307 1
147 177 1
248 67 1
177 332 0
151 268 0
67 99 1
152 177 1
266 1 0
182 161 1
146 72 1
299 94 1
301 176 1
237 163 0
311 119 1
180 54 0
327 80 0
2 85 0
261 203 1
219 133 1
182 211 1
174 284 1
197 67 1
94 232 1
219 293 1
109 47 1
239 125 0
220 159 0
152 156 1
81 266 0
13 15 1
309 165 0
73 155 0
200 206 0
269 45 0
270 233 0
131 175 0
316 303 0
58 164 0
301 167 1
60 217 0
166 90 1
299 144 1
230 297 1
61 151 0
206 26 0
40 98 0
141 157 1
5 240 0
161 332 0
258 264 1
248 169 1
299 255 1
55 297 0
74 224 0
322 325 1
219 176 1
228 65 0
255 232 1
50 63 1
131 189 1
122 65 0
118 112 1
5 188 0
174 230 1
118 70 1
118 182 1
201 118 1
80 205 0
255 159 1
166 140 1
147 179 1
162 306 1
56 49 1
2 266 0
70 122 0
287 60 0
203 315 0
199 75 0
172 263 1
311 150 1
60 49 1
162 177 1
310 146 1
125 68 1
170 190 0
136 199 0
234 49 0
166 81 1
98 270 0
112 125 1
197 253 1
220 308 0
147 305 1
111 122 0
172 142 1
118 191 1
3 105 0
54 58 1
329 125 0
166 83 1
255 222 1
67 203 1
162 139 1
273 156 0
201 219 1
152 202 1
162 159 1
22 252 0
13 35 0
173 296 0
261 270 1
148 250 0
158 161 1
109 92 1
162 91 1
34 187 0
92 179 1
112 53 0
269 247 0
154 164 1
216 265 0
179 143 0
221 306 1
310 174 1
38 202 0
166 109 1
92 221 1
230 179 1
102 320 0
199 133 0
273 86 0
310 217 1
280 227 0
62 19 0
261 184 1
134 323 0
260 257 0
258 65 1
285 211 0
97 204 0
163 313 0
230 101 1
176 272 0
21 36 0
187 153 0
46 43 0
45 97 0
261 175 0
195 289 0
72 331 0
310 123 1
221 325 1
168 144 1
180 24 0
230 298 1
144 62 1
142 255 0
276 272 0
144 83 1
78 202 0
97 164 0
147 322 1
114 67 0
166 45 1
22 16 1
261 273 1
106 125 0
255 239 1
299 13 0
40 55 1
99 264 0
285 93 0
229 272 0
316 315 1
70 189 0
213 189 0
166 263 1
276 254 1
133 140 1
218 121 0
83 156 0
311 179 1
82 37 0
45 1 0
8 168 0
263 177 1
25 123 0
45 46 1
332 235 0
139 105 0
49 269 0
110 216 0
301 166 1
238 164 0
182 144 1
41 261 0
118 51 1
65 60 1
301 305 1
279 134 0
293 96 0
121 16 0
258 293 1
305 120 0
152 123 1
137 332 0
10 324 0
131 255 1
263 148 0
155 217 0
66 169 0
33 331 0
110 151 0
310 179 1
272 283 1
205 118 0
261 5 0
122 194 0
278 157 0
216 218 0
137 127 1
18 26 0
261 293 1
211 6 0
97 57 0
254 288 1
21 224 0
213 205 1
118 136 1
261 241 1
234 54 0
280 162 0
162 119 1
118 233 1
189 154 0
301 174 1
299 273 1
286 43 0
42 217 0
297 115 0
21 279 0
137 270 0
293 283 1
41 25 0
167 174 1
100 109 0
131 217 1
72 322 0
155 35 0
118 83 1
269 267 0
230 321 1
45 243 0
85 332 0
327 330 1
207 226 0
310 29 0
320 114 0
313 319 1
84 148 0
179 292 1
173 35 0
66 243 0
157 222 0
80 56 0
276 288 1
184 231 0
261 67 1
258 232 1
280 42 0
67 263 1
261 230 1
217 283 1
262 191 0
182 179 1
255 202 1
201 232 1
150 306 1
152 158 1
89 185 0
76 144 1
230 239 1
310 152 1
143 312 0
156 296 0
152 96 1
93 132 0
311 221 1
146 306 1
201 162 1
77 256 0
119 176 1
184 254 0
161 191 1
88 241 0
216 219 0
214 111 0
247 248 0
172 198 1
298 114 0
32 207 0
330 315 0
219 245 1
201 152 1
15 66 0
118 72 1
140 106 1
49 168 0
26 47 1
131 162 1
43 80 0
321 248 0
301 119 1
140 184 0
147 148 0
168 26 0
118 69 1
201 150 1
178 193 0
131 179 1
142 47 1
233 293 1
205 68 0
313 326 1
19 213 0
218 235 1
80 161 0
26 250 0
278 257 0
289 9 0
311 263 1
209 206 1
258 94 1
331 223 0
204 35 0
321 323 1
261 253 1
236 301 0
197 213 1
147 219 1
95 103 0
296 150 1
163 12 0
230 143 1
311 166 1
233 255 1
230 286 1
90 255 0
172 152 1
271 176 1
133 299 0
73 94 1
137 156 0
51 24 0
149 17 0
161 127 0
193 261 0
24 280 0
319 140 0
258 246 1
299 261 1
30 125 0
194 85 0
112 136 1
255 47 1
79 64 0
249 259 1
119 173 0
217 202 1
305 95 0
189 324 0
152 210 1
179 101 1
3 5 1
213 77 0
2 25 0
166 51 1
54 211 0
283 102 0
254 225 0
64 148 0
268 79 0
25 40 0
275 257 0
168 22 0
317 303 0
195 16 0
9 129 0
201 224 1
201 35 0
12 180 0
11 41 0
100 262 0
261 198 1
300 298 1
261 256 1
65 75 1
174 293 1
263 94 1
17 317 0
31 330 0
27 128 0
201 178 1
131 307 1
65 74 1
287 304 0
217 271 1
221 91 1
89 55 0
176 4 0
101 129 1
182 158 1
212 146 1
47 39 1
322 260 0
187 208 0
300 255 1
201 316 1
159 215 0
255 307 1
61 63 1
68 231 0
201 292 1
184 84 0
255 147 1
71 90 1
298 284 1
166 86 0
174 101 1
69 166 0
52 140 0
174 141 0
213 10 0
4 5 0
53 41 1
242 45 0
166 153 1
225 262 1
233 274 1
166 94 1
299 305 1
146 101 1
3 75 0
249 254 0
255 267 1
255 306 1
71 70 0
301 146 1
8 34 1
31 32 1
255 237 1
118 106 1
179 149 0
47 94 1
60 147 0
226 86 0
311 230 1
28 3 0
119 91 1
222 232 1
289 55 0
206 198 1
194 293 0
131 123 1
95 110 0
187 113 0
267 133 0
8 67 1
293 150 0
74 66 0
197 275 0
34 286 0
177 124 0
230 204 1
256 90 0
147 153 1
118 248 1
261 225 1
172 248 1
202 307 0
255 298 1
104 330 0
47 86 1
65 56 1
