269 24 0
67 78 1
75 175 0
47 110 0
261 47 1
258 131 1
311 83 0
7 310 0
99 255 0
276 288 1
311 32 0
282 128 0
152 126 1
297 292 1
91 178 0
240 19 0
6 120 0
269 270 1
220 62 0
309 130 0
162 218 1
192 204 1
172 255 1
142 65 1
157 172 0
205 297 0
16 169 0
237 34 0
258 296 1
63 299 0
308 1 0
131 293 1
127 136 0
259 28 0
326 330 0
116 97 0
246 47 1
54 65 1
161 79 0
94 90 1
249 129 0
296 150 1
166 274 1
258 253 1
327 332 1
230 281 1
221 307 1
320 24 0
218 235 1
150 324 1
24 216 0
261 254 1
166 53 1
284 306 1
247 131 0
47 86 1
267 294 0
118 114 1
295 182 0
201 260 0
40 211 0
162 221 1
192 186 1
188 260 0
308 197 0
68 225 0
299 161 1
291 225 0
162 125 1
88 248 0
67 114 0
150 47 1
56 101 0
197 248 1
255 127 1
310 143 1
197 252 0
302 292 0
104 299 0
152 80 1
58 105 0
220 291 0
255 252 0
202 203 0
265 99 0
299 218 1
230 37 0
271 266 1
44 257 0
21 199 0
258 109 1
61 86 0
242 248 1
146 54 0
15 34 0
182 221 1
112 255 1
144 83 1
225 42 0
161 222 0
255 223 1
261 274 1
314 280 0
147 95 1
302 243 0
116 74 1
201 261 1
76 266 0
162 249 1
176 306 1
19 179 0
89 134 0
85 144 1
270 279 0
239 14 0
230 218 1
44 37 0
52 61 0
230 47 1
186 31 0
217 109 1
68 289 0
262 229 1
131 230 1
174 95 1
255 176 1
201 75 1
105 123 1
140 138 0
169 89 0
255 306 1
36 35 1
255 286 1
276 261 1
290 202 0
166 206 1
182 263 1
59 144 1
258 288 1
66 87 1
225 183 0
245 300 0
39 188 0
72 304 0
113 330 0
215 88 0
152 198 1
293 253 1
287 312 0
219 144 1
179 306 1
113 238 0
217 320 0
306 282 0
41 148 0
288 308 1
28 266 0
26 31 1
217 222 1
130 202 0
297 293 1
246 253 1
245 203 1
152 136 1
311 320 1
299 67 1
149 66 0
168 190 0
131 152 1
300 156 0
261 306 1
299 286 1
118 77 1
67 313 1
37 173 0
109 306 1
119 190 0
21 277 0
152 222 1
217 146 1
181 276 0
80 222 0
102 111 0
261 144 1
261 118 1
256 267 1
115 141 0
276 233 1
37 150 0
135 204 0
162 110 1
299 255 1
87 325 0
118 177 1
177 157 1
230 293 1
261 321 1
56 234 0
147 248 1
299 144 1
157 149 1
76 144 1
109 305 0
316 315 1
166 152 1
262 41 0
27 327 0
40 332 0
112 232 1
198 46 0
166 168 1
118 70 1
166 106 1
133 189 0
174 293 1
219 176 1
121 284 0
177 190 1
152 150 1
118 127 1
188 41 0
118 147 1
301 287 1
323 122 0
291 262 0
70 275 0
140 119 0
261 169 1
76 27 0
205 110 0
327 5 0
185 184 0
271 80 0
177 49 0
261 173 1
80 85 0
82 104 0
221 325 1
281 208 0
118 197 1
261 152 1
305 84 0
256 232 1
255 227 0
175 68 0
261 271 1
147 92 1
164 156 0
255 216 1
92 86 0
282 105 0
310 182 1
7 166 0
118 119 1
145 202 0
261 93 0
255 293 1
301 177 1
269 210 0
230 189 1
167 146 1
261 146 1
1 249 0
112 71 1
241 197 0
155 250 0
50 124 0
238 126 0
144 79 0
118 155 1
271 5 0
312 269 0
65 253 1
261 256 1
182 206 1
294 5 0
201 251 1
230 223 1
264 10 0
313 74 0
142 198 1
109 170 1
45 134 0
313 326 1
301 162 1
311 166 1
2 14 0
301 166 1
156 90 0
165 256 0
211 195 0
251 107 0
40 50 1
166 219 1
301 179 1
67 99 1
255 239 1
222 207 0
118 189 1
265 136 0
311 324 1
56 60 1
217 202 1
261 288 1
163 243 0
234 294 0
152 177 1
82 140 1
148 74 0
261 266 1
109 95 1
299 108 0
318 312 1
195 245 0
255 217 1
82 108 0
131 47 1
288 324 0
210 286 0
91 308 0
166 183 1
232 137 0
169 246 1
133 66 0
58 85 0
182 191 1
105 259 0
152 95 1
166 203 1
282 316 0
95 60 0
131 67 1
162 238 0
248 142 0
311 94 1
310 118 1
255 174 1
10 12 1
286 302 0
239 241 0
169 182 0
151 77 0
189 44 0
166 105 0
122 105 0
146 182 1
230 284 1
69 203 0
132 264 0
303 165 0
99 176 1
172 321 0
197 284 0
15 123 0
261 268 1
10 87 0
236 286 0
142 293 1
39 8 0
301 230 1
171 282 0
90 241 0
67 50 1
258 246 1
235 282 0
144 281 0
281 243 0
238 265 0
121 250 0
172 152 1
184 110 0
174 67 1
88 28 0
147 152 1
20 31 0
10 220 0
291 87 0
216 127 0
301 109 1
91 137 0
108 10 0
47 65 1
217 179 1
276 167 0
307 234 0
98 307 0
173 52 0
26 33 1
230 146 1
304 266 0
272 263 0
322 325 1
320 298 0
200 289 0
267 199 0
89 179 0
105 79 0
317 242 0
182 92 1
245 217 0
201 141 0
176 126 1
37 283 0
84 148 0
209 260 0
261 213 1
118 129 1
174 125 1
131 221 1
172 94 1
197 183 1
200 201 0
160 130 1
178 228 0
182 220 1
174 101 1
258 219 1
152 191 1
177 218 1
166 81 1
191 251 0
311 176 1
169 213 1
83 220 0
112 177 1
152 128 1
32 257 0
181 144 1
131 95 1
166 133 1
221 249 1
303 111 0
179 307 1
201 203 1
186 162 0
118 73 1
172 261 1
166 123 1
67 47 1
295 47 0
166 216 1
301 306 1
174 147 1
182 189 1
8 24 1
220 129 0
50 4 0
230 95 1
100 55 0
232 39 0
147 284 1
17 42 0
177 321 1
125 280 0
183 144 1
244 303 0
19 285 0
147 96 1
147 293 1
321 239 0
272 39 0
171 209 0
219 263 1
299 306 1
176 204 0
279 60 0
243 317 0
131 170 1
161 186 0
202 220 0
261 293 1
258 313 1
233 262 1
283 39 0
284 82 0
118 225 1
152 127 1
94 83 0
100 38 0
48 327 0
77 94 1
135 140 0
311 221 1
15 313 0
6 7 1
79 181 0
35 127 0
78 23 0
115 187 0
147 146 1
214 119 0
150 202 1
150 320 1
299 146 1
219 67 1
174 150 1
58 87 0
310 123 1
111 100 1
182 120 1
118 288 1
331 75 0
261 147 1
153 245 0
88 154 0
245 231 0
324 287 0
323 283 0
158 271 0
111 71 1
119 95 1
145 80 0
311 109 1
162 96 1
66 225 0
232 283 1
71 234 0
197 144 1
122 197 0
305 304 0
324 132 0
109 221 1
181 75 0
27 160 0
75 215 0
294 268 0
221 101 1
78 306 0
301 311 1
254 288 1
174 204 1
244 158 0
276 255 1
75 24 0
261 124 0
109 159 1
147 67 1
202 3 0
300 77 0
245 256 0
152 297 1
306 134 0
1 46 0
248 176 1
85 120 0
81 254 0
109 150 1
94 99 1
197 253 1
167 112 1
19 55 0
146 232 1
178 185 0
62 63 1
22 244 0
296 48 0
61 54 0
63 322 0
182 47 1
254 262 1
174 182 1
289 261 0
174 292 1
301 261 1
319 115 0
22 16 1
73 158 0
241 164 0
230 227 1
316 236 0
118 284 1
187 210 0
315 145 0
21 25 0
174 146 1
8 6 1
255 298 1
60 142 0
217 256 1
17 271 0
10 221 0
233 254 1
261 220 1
177 179 1
190 102 0
284 213 0
134 223 0
112 90 1
217 307 1
51 261 0
167 85 0
172 263 1
201 178 1
16 236 0
266 118 0
197 43 0
45 125 0
140 106 1
166 109 1
21 279 0
219 65 1
25 248 0
299 307 1
255 259 1
323 124 0
172 248 1
34 211 0
260 225 0
135 83 0
118 179 1
328 213 0
98 37 0
243 242 0
206 219 0
139 135 1
29 214 0
83 97 1
258 169 1
261 291 1
261 224 1
31 144 0
284 323 0
144 46 1
290 117 0
248 47 1
257 293 0
33 173 0
193 238 0
159 101 0
86 151 0
261 109 1
191 239 0
276 293 1
45 61 1
313 319 1
255 7 0
296 123 1
272 256 1
172 67 1
167 159 1
65 75 1
200 89 0
221 252 1
258 230 1
306 327 0
136 234 0
166 213 1
167 217 1
83 104 1
273 259 1
29 117 0
269 11 0
235 179 0
29 182 0
151 139 0
137 291 0
206 272 0
215 157 0
92 191 0
142 144 1
68 287 0
234 158 0
173 258 0
118 57 1
300 84 0
201 232 1
173 96 0
116 233 0
153 196 0
150 103 0
269 258 0
182 126 1
26 42 0
184 162 0
213 199 1
79 278 0
219 94 1
24 281 0
319 38 0
314 38 0
189 233 0
298 165 0
299 287 1
138 270 0
182 196 1
72 90 0
219 250 1
115 303 0
152 236 0
254 150 0
274 42 0
161 160 0
201 83 1
229 136 0
327 283 0
106 219 0
113 254 0
261 206 1
118 174 1
18 183 0
210 57 0
191 177 0
184 6 0
83 137 0
256 21 0
45 144 1
248 313 1
217 189 1
261 290 1
181 67 0
233 10 0
258 248 1
143 170 1
135 229 0
258 251 1
311 160 0
312 282 0
55 267 0
32 321 0
81 144 1
201 67 1
301 219 1
136 32 0
276 219 1
131 310 1
54 47 1
127 57 0
26 135 0
34 30 1
67 153 1
53 81 0
82 64 0
317 166 0
310 174 1
32 128 0
61 203 0
112 125 1
185 99 0
141 172 0
250 144 1
225 255 1
146 293 1
255 295 1
15 162 0
259 313 0
131 179 1
299 311 1
261 308 1
131 305 1
246 138 0
255 307 1
15 254 0
152 182 1
76 5 0
219 2 0
83 86 1
193 1 0
141 252 0
286 219 0
153 218 0
177 91 1
166 67 1
267 48 0
146 150 1
35 71 0
266 202 0
72 47 0
41 167 0
119 179 1
290 56 0
22 281 0
97 127 0
182 203 1
118 120 1
208 240 0
112 174 1
329 103 0
24 169 0
114 82 0
177 96 1
65 39 1
201 151 1
194 246 0
238 267 0
167 189 1
221 143 1
223 83 0
233 229 1
120 196 0
203 288 1
248 161 1
137 127 1
247 296 0
157 131 0
293 305 1
67 232 1
110 209 0
118 82 1
147 109 1
69 262 0
115 157 0
125 186 0
99 73 0
275 78 0
4 28 0
35 133 0
309 124 0
119 221 1
70 75 0
30 264 0
132 80 0
261 184 1
179 320 0
47 4 1
219 313 1
312 172 0
311 292 1
258 147 1
161 323 0
185 256 0
118 96 1
275 199 0
159 165 0
201 74 1
182 253 1
81 263 0
261 292 1
31 32 1
199 278 0
101 80 1
164 54 0
123 69 0
172 179 1
182 123 1
80 73 0
12 47 0
152 210 1
307 119 0
331 91 0
221 46 0
20 314 0
77 71 1
255 67 1
230 139 1
118 219 1
106 98 0
152 159 1
96 312 0
261 162 1
310 221 1
106 121 0
98 311 0
299 96 0
107 185 0
6 28 0
317 206 0
219 253 1
150 321 1
112 126 1
241 260 0
116 66 1
69 71 1
64 21 0
118 246 1
96 56 0
65 83 1
79 127 0
169 203 1
57 69 1
55 244 0
94 232 1
295 145 0
136 301 0
182 176 1
45 80 0
311 146 1
118 148 1
261 112 1
255 132 1
219 293 1
70 87 0
261 218 1
166 242 1
201 146 0
221 194 1
70 231 0
306 201 0
34 76 0
212 177 1
282 225 0
261 263 1
118 232 1
301 292 1
147 91 1
152 252 1
118 149 1
166 177 1
230 252 1
26 290 0
189 320 0
163 124 0
1 141 0
67 177 1
166 51 1
152 101 1
225 188 0
269 215 0
174 306 1
213 314 0
167 310 1
172 324 0
82 270 0
313 329 1
80 310 0
41 13 0
241 153 0
162 292 1
230 232 1
185 27 0
118 204 1
113 151 0
232 65 0
222 232 1
65 134 0
112 65 1
53 316 0
261 182 1
190 171 0
250 269 0
260 249 1
299 177 1
255 321 1
293 246 1
47 39 1
178 71 0
122 103 0
107 29 0
171 155 1
97 301 0
125 205 0
17 225 0
172 123 1
181 120 0
81 220 0
94 23 0
74 203 0
67 133 1
54 225 0
118 292 1
205 299 0
166 159 1
221 91 1
133 313 0
145 171 0
17 83 0
328 167 0
21 54 0
235 283 0
112 248 1
299 321 1
255 179 1
52 258 0
286 200 0
152 18 0
208 178 0
197 245 1
166 148 1
99 155 0
118 191 1
154 59 0
148 157 0
76 28 0
216 308 0
162 306 1
287 112 0
118 107 1
166 230 1
225 200 0
206 134 0
54 171 0
330 124 0
172 269 0
140 188 0
265 83 0
182 211 1
109 177 1
255 297 1
166 182 1
172 47 1
118 91 1
233 264 0
158 45 0
293 183 1
317 314 1
101 129 1
73 77 1
100 75 0
167 230 1
75 87 1
189 49 0
109 144 1
301 161 1
112 86 0
76 207 0
112 109 1
146 221 1
118 29 0
255 256 1
177 95 1
298 122 0
316 281 0
60 19 0
182 106 1
210 89 0
198 50 0
167 166 1
190 290 0
35 297 0
219 102 0
175 216 0
169 47 1
131 123 1
299 174 1
321 323 1
315 30 0
261 250 1
119 264 0
72 96 1
83 332 0
13 11 1
10 259 0
166 174 1
131 308 0
263 65 1
230 157 1
147 193 0
162 94 1
230 215 1
125 170 1
116 325 0
125 293 0
67 287 0
151 26 0
255 273 1
163 213 0
248 159 1
45 90 0
170 270 0
8 16 1
320 270 0
184 51 0
209 206 1
324 116 0
230 143 1
147 212 1
47 316 1
198 6 0
100 320 0
230 260 1
6 2 0
118 45 1
251 273 0
211 319 0
128 272 0
83 96 0
59 83 1
152 110 1
261 294 1
15 48 0
250 248 1
131 217 1
255 215 1
108 293 0
284 250 0
118 260 1
313 317 1
147 180 0
151 314 0
299 309 0
4 2 1
131 248 1
241 12 0
125 179 1
47 176 1
109 307 1
128 242 0
258 144 1
67 161 1
154 193 0
152 284 1
256 271 1
8 313 1
331 244 0
297 308 1
155 191 0
301 123 1
230 122 0
118 102 1
166 184 1
192 189 1
137 242 0
293 309 1
182 228 0
66 280 0
55 50 1
299 176 1
316 318 1
255 133 1
168 144 1
158 185 0
118 230 1
300 138 0
260 177 1
287 280 0
296 182 1
261 65 1
154 102 0
47 53 0
162 307 1
299 217 1
200 81 0
172 225 1
7 161 0
179 292 1
90 130 0
77 59 0
104 58 0
192 197 0
283 198 0
296 256 1
217 248 1
38 231 0
183 153 0
169 65 1
282 169 0
118 83 1
255 271 1
277 48 0
147 161 1
174 89 1
34 27 0
265 87 0
230 237 1
40 55 1
212 202 1
182 239 1
174 218 1
230 292 1
300 147 1
58 45 1
10 180 0
194 213 0
270 113 0
68 96 1
14 185 0
321 324 1
248 331 1
255 222 1
125 221 1
152 292 1
112 159 1
156 282 0
255 322 1
153 217 0
203 65 1
152 146 1
332 311 0
36 228 0
230 234 1
47 59 1
173 318 0
144 96 0
296 276 1
162 202 1
109 182 1
26 112 0
8 26 1
255 221 1
67 62 1
267 67 0
266 248 0
62 135 0
109 232 1
225 144 1
137 151 0
174 132 1
219 246 1
36 217 0
186 256 0
23 152 0
201 316 1
177 149 0
47 42 1
94 332 0
50 63 1
131 292 1
327 90 0
175 221 0
258 261 1
14 321 0
217 275 0
150 159 1
20 243 0
201 47 1
161 266 0
13 18 1
201 213 1
166 292 1
166 150 1
112 179 1
54 83 1
13 15 1
152 133 1
188 325 0
248 168 1
172 219 1
274 90 0
3 175 0
92 51 0
180 152 0
112 203 1
171 328 0
230 197 0
271 126 0
176 80 1
120 106 1
193 66 0
145 48 0
29 312 0
112 67 1
230 243 1
94 21 0
118 293 1
148 128 0
131 147 1
60 171 0
170 234 0
248 203 1
8 23 1
109 308 0
174 177 1
11 108 0
255 246 1
212 150 1
107 308 0
32 82 0
80 189 0
224 183 1
27 102 0
40 61 1
125 232 0
21 281 0
258 297 1
118 182 1
251 68 0
206 223 0
82 57 0
152 103 1
230 67 1
287 219 0
118 133 1
101 107 0
233 274 1
65 108 1
118 168 1
150 133 0
116 248 0
217 119 1
112 149 1
227 189 0
187 217 0
38 219 0
255 230 1
109 91 1
189 170 0
311 293 1
221 237 1
296 311 1
299 109 1
168 209 0
118 94 1
273 174 1
266 105 0
182 198 1
299 172 1
248 144 1
118 305 1
263 332 0
186 69 0
152 72 1
65 56 1
255 101 1
241 58 0
118 128 1
29 30 0
13 14 1
310 176 1
197 67 1
69 119 0
230 125 1
167 219 1
319 198 0
301 174 1
294 262 0
147 324 1
258 182 1
261 233 1
128 270 0
177 54 0
112 92 1
81 115 0
244 225 0
48 211 0
79 41 0
126 210 0
147 177 1
313 331 1
300 313 0
286 266 1
174 221 1
310 306 1
182 144 1
131 162 1
20 91 0
248 318 1
299 261 1
45 83 1
232 79 0
66 264 0
230 109 1
144 19 0
126 185 0
330 286 0
313 47 1
71 66 0
118 125 1
167 79 0
311 203 1
230 241 0
179 189 1
11 132 0
321 216 0
212 146 1
264 207 0
182 164 1
107 108 0
248 153 1
67 94 1
301 140 0
124 258 0
56 132 0
181 186 0
167 162 1
142 47 1
50 61 1
152 307 1
192 222 1
303 67 0
118 79 1
295 244 0
9 18 0
50 46 1
118 313 1
305 156 0
51 65 0
217 159 1
248 65 1
232 93 0
47 83 1
151 197 0
163 130 0
166 142 1
124 138 1
49 254 0
258 133 1
274 229 1
263 177 1
151 285 0
43 251 0
152 64 0
146 202 1
230 182 1
248 128 0
250 175 0
118 202 1
230 186 1
118 90 1
100 93 1
255 313 1
106 311 0
182 102 1
206 105 0
130 283 0
259 262 0
295 325 0
56 158 0
53 103 0
34 87 0
261 277 1
54 26 0
147 122 0
114 30 0
182 293 1
88 106 0
111 87 0
193 171 0
18 295 0
46 263 0
21 58 0
177 144 1
174 162 1
258 47 1
233 255 1
172 118 1
166 45 1
118 161 1
266 311 0
77 258 0
326 287 0
183 138 1
47 29 1
7 177 0
331 264 0
31 268 0
65 176 1
1 300 0
67 136 1
221 129 1
293 65 1
5 282 0
103 233 0
174 321 1
118 145 1
115 129 0
119 286 0
293 262 1
98 49 0
150 221 1
112 161 1
77 87 0
206 314 0
67 26 0
258 183 1
201 246 1
248 244 1
156 68 0
258 159 1
217 239 1
134 221 0
146 161 1
162 179 1
317 122 0
266 281 1
305 60 0
167 201 1
37 285 0
73 90 1
162 284 1
182 274 1
297 232 1
160 204 0
109 119 1
247 328 0
286 101 0
69 176 0
197 328 0
166 120 1
166 288 1
255 234 1
119 306 1
183 205 0
221 157 1
311 287 1
166 263 1
311 310 1
154 171 1
215 14 0
201 8 1
242 151 0
255 265 1
293 133 1
296 273 0
118 183 1
324 177 0
230 307 1
129 234 0
245 274 0
151 226 0
139 150 0
167 42 0
302 261 0
64 212 0
78 285 0
257 245 0
310 307 1
90 87 0
119 150 1
283 147 0
120 102 1
301 307 1
152 176 1
166 82 1
250 211 0
299 201 1
26 29 1
321 35 0
245 263 1
281 140 0
111 152 1
134 284 0
146 292 1
291 317 0
187 117 0
182 140 1
92 104 0
40 62 1
296 262 1
117 200 0
141 214 0
215 177 0
45 47 1
152 90 1
131 199 0
90 193 0
217 182 1
8 144 1
201 177 1
299 179 1
128 29 0
146 101 1
273 316 0
43 162 0
72 240 0
179 232 1
65 2 0
20 13 1
311 325 1
310 88 0
253 305 0
217 323 0
311 147 1
146 177 1
186 317 0
301 131 1
65 64 1
320 183 0
332 86 0
299 298 1
318 127 0
275 7 0
315 180 0
22 43 0
179 171 0
146 189 1
236 114 0
60 102 0
146 237 1
39 257 0
278 151 0
118 80 1
323 23 0
67 246 1
271 283 1
206 135 0
15 197 0
321 273 0
290 85 0
128 24 0
18 43 0
155 281 0
260 221 1
182 90 1
152 91 1
263 47 1
137 139 1
232 240 1
299 143 1
288 117 0
205 101 0
11 134 0
241 13 0
77 225 0
258 177 1
115 76 0
166 306 0
255 249 1
263 313 1
174 307 1
45 55 1
296 321 0
261 202 1
255 305 1
16 201 0
47 274 0
301 147 1
261 245 1
159 94 1
114 138 0
330 296 0
188 221 0
306 307 1
47 183 1
330 61 0
152 117 1
62 46 1
67 203 1
273 328 0
147 330 0
137 246 0
45 181 0
182 321 1
276 297 1
182 262 0
219 197 1
311 67 1
152 161 1
50 280 0
96 140 0
178 172 0
255 267 1
235 276 0
186 218 0
257 166 0
118 233 1
156 195 0
252 318 0
2 50 0
159 176 1
262 216 1
19 251 0
255 123 1
217 192 1
118 134 1
55 61 1
167 292 1
147 31 0
60 139 0
152 132 1
8 5 1
67 76 1
262 226 0
174 159 1
148 21 0
242 251 1
183 253 1
33 32 1
300 223 0
40 29 0
261 281 1
145 140 0
73 71 1
263 246 1
282 275 0
112 157 1
299 284 1
307 305 1
127 141 0
201 109 1
139 121 0
56 49 1
92 176 1
250 203 1
62 321 0
300 301 1
131 9 0
316 66 0
146 168 1
283 314 0
152 156 1
219 232 1
46 94 0
118 157 1
256 46 0
258 128 1
101 81 0
214 15 0
248 213 1
248 150 1
116 89 0
46 63 1
122 168 0
21 293 0
91 288 0
177 47 1
214 287 0
273 284 1
9 100 0
317 330 0
313 318 1
248 169 1
48 287 0
22 4 0
118 173 1
85 18 0
10 70 0
62 61 1
47 64 0
101 83 0
238 170 0
179 176 1
177 139 1
16 34 0
172 273 0
251 46 0
58 47 1
255 287 1
230 248 1
261 307 1
330 16 0
67 52 1
113 262 0
147 202 1
260 179 1
20 266 0
233 140 0
185 129 0
302 70 0
193 143 0
182 297 1
310 50 0
47 233 0
81 85 1
183 304 0
162 182 1
311 174 1
230 179 1
230 161 1
230 263 1
136 321 0
166 175 1
71 303 0
167 293 1
82 248 0
310 195 0
145 192 0
182 232 1
255 189 1
315 166 0
120 321 0
230 235 1
263 183 1
152 129 1
265 297 0
93 185 0
142 45 1
242 272 0
112 94 1
12 212 0
261 313 1
8 47 1
201 248 1
273 322 1
167 118 1
111 41 0
34 127 0
162 91 1
291 153 0
204 259 0
255 150 1
59 180 0
240 188 0
301 152 1
48 49 1
118 106 1
260 146 1
219 182 1
283 87 0
42 97 0
310 230 1
299 273 1
273 177 1
146 80 1
71 271 0
109 223 0
40 46 1
172 301 0
225 262 1
301 310 1
255 263 1
230 249 1
152 125 1
324 93 0
176 101 1
92 323 0
99 218 0
15 179 0
182 130 1
64 117 0
109 293 1
291 7 0
166 41 1
311 201 1
237 311 0
32 165 0
255 272 1
26 25 1
72 164 0
112 219 1
62 285 0
201 162 1
237 46 0
305 316 0
267 281 1
64 273 0
42 44 0
261 216 1
109 202 1
230 83 0
298 221 1
296 275 1
258 203 1
47 20 0
118 101 1
39 265 0
93 102 0
65 116 1
22 89 0
312 11 0
212 284 0
72 46 0
182 77 0
44 87 0
174 176 1
311 322 1
49 11 0
256 176 1
100 43 0
261 242 1
68 161 0
197 251 1
322 220 0
137 111 0
84 70 0
261 275 1
305 193 0
58 181 0
106 274 0
217 297 1
118 78 1
174 202 1
152 157 1
54 59 1
122 285 0
166 90 1
147 224 0
69 103 0
76 302 0
228 236 1
158 189 0
104 186 0
201 166 1
217 212 1
257 85 0
273 123 1
152 238 0
217 176 1
199 150 0
251 133 0
20 23 0
221 321 1
9 225 0
67 51 1
155 142 0
313 316 1
36 180 0
326 162 0
70 85 0
147 217 1
257 94 0
261 226 1
297 161 0
182 305 1
255 91 1
226 253 0
279 256 0
253 287 0
107 191 0
164 65 0
233 67 1
96 269 0
97 104 1
259 280 0
3 5 1
203 253 1
303 63 0
238 16 0
147 187 0
174 113 1
311 263 1
99 256 0
131 125 1
217 286 1
258 293 1
8 2 1
255 129 1
299 119 1
103 246 0
255 149 1
144 107 0
182 163 1
293 303 1
134 179 0
245 253 1
49 244 0
67 65 1
238 150 0
118 146 1
125 262 0
166 197 1
182 216 1
287 82 0
102 230 0
201 217 1
147 68 1
54 187 0
318 184 0
152 170 1
10 276 0
217 292 1
276 81 0
112 292 1
218 145 0
220 24 0
317 205 0
116 327 0
74 21 0
172 227 0
214 74 0
69 180 0
118 248 1
310 293 1
261 269 1
216 203 0
140 308 0
310 162 1
299 256 1
275 114 0
118 331 0
248 274 1
271 267 1
83 288 0
201 65 1
147 325 1
217 240 1
312 43 0
166 75 1
161 166 0
194 306 0
124 121 0
299 112 1
67 35 0
65 314 0
221 156 0
126 258 0
135 161 0
182 307 1
289 294 0
305 166 0
174 330 0
288 275 1
13 21 1
296 112 1
227 10 0
166 146 1
240 138 0
146 109 1
100 183 0
157 279 0
84 45 0
123 307 1
322 160 0
325 213 0
19 254 0
278 13 0
203 183 1
261 198 1
258 168 1
76 172 0
212 238 0
211 116 0
263 203 1
230 240 1
296 67 1
182 177 1
192 229 0
167 105 1
303 57 0
147 307 1
258 259 0
49 290 0
138 224 0
266 101 0
300 183 0
45 46 1
118 51 1
310 108 0
10 122 0
118 99 1
137 112 1
327 329 1
258 201 1
13 189 0
26 129 0
112 101 1
67 95 1
266 108 0
311 232 1
310 146 1
197 65 1
101 68 0
118 137 1
182 181 1
157 277 0
17 128 0
152 263 1
109 80 1
146 123 1
118 152 1
167 109 1
90 62 0
201 293 1
136 325 0
166 248 1
182 248 1
255 92 1
256 192 0
251 312 0
239 232 1
31 180 0
232 149 0
301 293 1
166 271 0
108 116 1
250 43 0
202 102 0
252 47 0
296 66 0
199 235 0
75 148 0
82 51 1
286 311 0
226 289 0
268 5 0
94 176 1
245 246 1
219 297 1
239 167 0
299 292 1
230 101 1
304 76 0
228 41 0
260 271 0
99 161 1
112 120 0
50 241 0
299 310 1
299 123 1
95 298 0
317 137 0
135 202 0
166 173 1
316 314 1
55 178 0
34 330 0
261 309 1
32 286 0
146 307 1
219 169 1
20 132 0
250 208 0
248 54 0
8 7 1
168 5 0
89 242 0
293 284 1
219 159 1
47 232 1
75 54 0
147 306 1
83 255 0
301 119 1
67 63 1
162 53 0
126 236 0
8 36 1
196 69 0
26 62 0
118 159 1
86 264 0
154 192 0
174 230 1
245 183 1
126 86 0
291 126 0
8 34 1
146 159 1
296 308 1
95 101 1
20 306 0
76 52 0
219 248 1
311 112 1
278 227 0
255 237 1
79 316 0
108 175 0
134 144 0
135 182 0
152 248 1
47 56 1
152 113 1
256 182 1
106 81 0
35 307 0
314 61 0
118 100 1
6 46 0
152 143 1
85 83 1
307 145 0
118 222 1
137 205 0
112 146 1
59 246 0
253 309 0
67 253 1
67 46 1
118 321 1
92 179 1
259 17 0
280 56 0
118 88 1
319 3 0
142 121 1
160 21 0
101 46 0
261 168 1
239 176 1
219 133 1
300 40 0
112 147 1
260 325 0
286 275 0
109 208 0
216 226 0
110 303 0
30 234 0
167 248 1
219 228 0
302 123 1
37 117 0
158 161 1
244 135 0
230 239 1
216 130 0
174 217 1
62 50 1
59 56 1
193 123 0
299 325 1
278 320 0
248 326 0
295 118 0
213 205 1
287 2 0
326 209 0
248 136 0
301 255 1
150 322 1
255 147 1
21 194 0
233 248 1
219 274 1
233 182 1
172 232 1
118 306 1
308 85 0
256 240 1
152 183 1
154 290 0
10 13 1
311 143 1
127 59 0
112 235 0
283 281 1
217 293 1
162 80 1
121 241 0
244 108 0
131 182 1
312 328 0
317 315 1
313 314 1
300 284 1
278 70 0
252 80 0
261 217 1
33 121 0
166 62 1
268 129 0
64 311 0
300 104 0
13 17 1
247 47 0
119 91 1
231 28 0
183 147 0
318 331 0
294 176 0
154 237 0
113 20 0
146 284 1
90 255 0
200 213 1
59 64 1
45 59 1
152 305 1
95 295 0
127 280 0
203 47 1
255 240 1
195 207 1
308 266 0
131 109 1
96 130 0
296 293 1
261 153 1
328 94 0
299 92 1
255 177 1
138 162 0
47 33 1
311 179 1
261 166 1
258 167 1
296 193 0
255 144 1
311 119 1
246 272 0
41 274 0
193 106 0
167 232 1
9 326 0
245 144 1
166 153 1
131 119 1
258 250 1
120 168 0
235 215 0
293 286 1
116 182 0
31 319 0
233 152 1
51 64 0
113 214 0
331 85 0
261 232 1
115 144 0
152 119 1
71 211 0
330 226 0
45 40 1
109 93 0
318 319 1
258 162 1
298 86 0
261 246 1
147 182 1
78 178 0
293 290 1
76 265 0
255 162 1
6 142 0
313 106 0
149 243 0
219 181 1
172 230 1
17 168 0
56 167 0
159 293 1
314 319 0
118 93 1
26 22 1
201 94 1
261 310 1
39 46 0
273 289 0
296 166 1
147 297 0
266 226 0
295 82 0
173 89 0
200 92 0
84 96 0
118 303 0
166 112 1
258 65 1
125 320 0
304 271 0
161 191 1
158 92 0
305 226 0
112 123 1
163 122 1
118 136 1
67 53 1
195 151 0
112 176 1
20 17 1
172 147 1
166 255 1
310 112 1
68 245 0
249 322 0
258 255 1
217 230 1
131 77 0
311 150 1
230 202 1
42 83 0
147 322 1
36 149 0
102 169 0
167 67 1
146 179 1
180 303 0
232 14 0
230 212 1
110 255 0
125 68 1
137 100 1
79 274 0
172 293 1
89 203 0
279 235 0
152 158 1
153 214 0
93 73 0
258 233 1
147 249 1
54 24 0
313 312 1
261 150 1
226 220 1
231 167 0
219 316 0
192 176 1
105 26 0
212 182 1
191 286 0
162 143 1
180 131 0
162 72 1
116 151 1
152 189 1
215 80 0
286 284 1
122 186 0
180 43 0
160 25 0
258 172 1
162 150 1
10 11 1
147 72 1
112 162 1
182 159 1
285 10 0
201 169 1
134 277 0
311 284 1
84 239 0
54 124 0
201 228 1
258 118 1
327 328 1
152 218 1
258 107 0
62 27 0
272 201 0
182 209 1
311 306 1
131 146 1
144 63 1
55 182 0
28 148 0
161 56 0
329 82 0
174 15 0
70 194 0
172 131 1
261 241 1
11 144 0
72 310 0
296 261 1
238 10 0
58 10 0
307 149 0
315 298 0
89 236 0
116 135 0
152 154 0
89 96 0
144 86 1
47 94 1
147 232 1
227 37 0
258 53 0
63 127 0
65 87 1
201 219 1
54 58 1
162 237 1
147 218 1
131 212 1
297 288 1
158 176 0
233 56 0
233 183 0
201 245 1
34 328 0
152 232 1
196 130 0
162 161 1
82 106 1
262 13 0
112 307 1
203 259 0
230 119 1
258 94 1
109 176 1
300 307 1
167 255 1
277 204 0
10 123 0
224 308 0
310 152 1
310 119 1
166 232 1
305 123 0
213 144 1
289 52 0
40 144 1
133 140 1
292 40 0
172 166 1
12 162 0
262 275 1
255 95 1
141 24 0
272 35 0
10 9 1
208 117 0
144 82 1
40 124 0
65 144 1
271 165 0
165 245 0
10 50 0
122 200 0
201 292 1
112 70 1
228 330 0
329 234 0
201 144 1
328 329 1
201 152 1
47 144 1
271 171 0
144 12 0
220 216 0
233 53 0
65 74 1
112 84 1
162 176 1
112 320 0
248 183 1
233 293 1
118 92 1
235 237 0
230 150 1
146 95 1
118 111 1
67 119 1
176 286 0
230 298 1
141 125 0
162 101 1
183 260 0
108 161 0
15 73 0
248 253 1
316 319 1
67 159 1
85 306 0
317 1 0
67 179 1
234 52 0
225 216 1
261 203 1
182 158 1
299 322 1
8 248 1
230 259 1
249 259 1
255 288 1
248 83 1
128 16 0
32 256 0
201 236 1
291 96 0
150 306 1
255 212 1
45 62 1
118 273 1
131 174 1
147 125 1
151 270 0
299 102 0
248 177 1
301 281 0
10 89 0
118 150 1
225 166 1
52 33 0
212 200 0
210 160 0
225 232 1
299 248 1
261 142 1
167 305 0
255 283 1
112 270 0
46 220 0
118 47 1
87 68 0
162 212 1
19 17 1
310 67 1
11 299 0
33 255 0
118 164 1
212 176 1
167 125 0
79 252 0
250 318 0
55 226 0
54 45 1
33 303 0
174 212 1
146 2 0
230 221 1
217 162 1
232 292 1
165 315 0
82 149 0
225 142 1
245 248 1
26 47 1
118 162 1
45 65 1
330 72 0
146 91 1
109 321 1
115 103 1
67 274 1
261 85 1
167 299 1
54 313 0
311 261 1
167 324 0
232 133 1
107 132 0
261 36 0
261 304 1
31 258 0
166 162 1
62 180 0
210 268 0
49 269 0
150 91 1
153 215 0
118 144 1
54 273 0
212 224 0
65 48 1
6 203 0
217 271 1
67 123 1
128 43 0
230 19 0
261 174 1
55 24 0
118 72 1
248 292 1
230 190 1
81 96 0
172 112 1
181 154 0
241 80 0
112 230 1
66 122 0
201 172 1
298 56 0
115 191 0
246 45 0
201 230 1
95 116 0
182 148 1
56 165 0
176 305 1
49 274 0
53 124 0
232 181 0
245 242 1
53 252 0
261 189 1
201 108 1
129 18 0
182 313 1
177 80 1
190 108 0
91 231 0
108 291 0
147 94 1
168 307 0
230 222 1
307 269 0
162 293 1
118 112 1
301 321 1
16 83 0
276 166 1
261 177 1
173 199 0
255 109 1
232 198 1
147 305 1
309 208 0
295 105 0
146 306 1
301 111 0
118 139 1
8 3 1
119 70 0
232 56 0
230 321 1
15 160 0
176 307 1
31 136 0
258 67 1
166 245 1
190 287 0
255 281 1
201 318 1
118 176 1
144 62 1
153 3 0
258 299 1
306 50 0
189 161 1
73 124 0
47 299 0
64 60 1
260 103 0
263 150 1
284 201 0
192 81 0
254 293 0
327 97 0
317 286 0
152 96 1
252 161 0
263 176 1
298 11 0
52 137 0
301 167 1
147 159 1
245 276 0
24 137 0
212 109 1
218 221 1
212 236 0
172 146 1
197 169 1
303 35 0
122 36 0
112 272 0
104 290 0
246 313 1
167 174 1
20 148 0
93 302 0
210 151 0
131 307 1
17 181 0
19 205 0
61 210 0
98 26 0
147 119 1
215 280 0
152 123 1
314 276 0
261 131 1
47 325 0
201 185 1
138 235 0
57 220 0
276 248 1
37 8 1
80 305 0
166 181 1
272 266 1
253 218 0
270 32 0
255 219 1
85 97 1
299 125 1
22 216 0
116 136 0
311 44 0
192 199 0
271 332 0
301 24 0
311 47 1
121 143 0
95 99 0
179 123 1
64 106 0
132 310 0
102 187 0
102 107 1
58 155 0
288 244 0
162 92 1
161 185 0
264 177 0
174 161 1
248 214 1
195 65 0
36 38 1
201 276 1
301 286 1
243 11 0
301 146 1
39 227 0
56 34 0
192 25 0
131 306 1
153 233 0
118 126 1
167 307 1
254 229 1
183 25 0
47 74 1
261 255 1
285 269 0
245 101 0
299 182 1
92 143 1
303 143 0
64 136 0
174 119 1
109 67 1
45 315 0
3 34 0
208 158 0
143 288 0
217 94 1
192 180 0
261 81 1
162 109 1
217 126 1
304 81 0
40 115 0
45 63 1
212 221 1
179 222 0
323 131 0
299 276 0
167 179 1
86 36 0
294 1 0
13 254 0
274 87 0
58 290 0
172 174 1
201 45 1
207 89 0
161 324 0
60 49 1
218 176 1
144 13 0
8 13 1
226 22 0
73 33 0
148 158 1
67 307 1
159 179 1
69 284 0
196 93 0
51 105 0
331 233 0
178 293 0
274 144 1
21 306 0
111 67 1
208 172 0
261 225 1
261 248 1
289 313 0
145 327 0
261 244 0
112 322 0
299 159 1
58 53 0
71 280 0
102 39 0
67 263 1
112 100 1
182 222 1
219 152 1
9 256 0
177 196 0
254 4 0
131 112 1
263 213 1
166 294 0
317 71 0
112 212 1
54 60 1
249 39 0
67 144 1
72 297 0
168 273 0
112 150 1
102 136 0
176 280 0
311 162 1
282 230 0
330 199 0
258 216 1
202 176 1
179 161 1
246 183 0
276 118 1
190 18 0
64 149 0
161 208 0
301 221 1
301 150 1
131 177 1
253 122 0
260 257 0
137 134 0
217 219 1
112 170 1
12 9 1
125 34 0
286 289 0
231 26 0
332 172 0
132 91 0
251 127 0
106 127 0
182 226 1
166 251 1
115 240 0
310 232 1
80 68 1
236 220 0
176 91 1
201 183 1
266 191 0
58 65 1
262 292 1
224 310 0
261 240 1
106 277 0
72 216 0
233 144 1
78 45 0
172 162 1
51 152 0
218 179 1
152 94 1
127 124 0
299 293 1
153 98 0
258 198 1
23 293 0
131 176 1
68 292 0
184 55 0
112 152 1
76 82 1
279 1 0
73 6 0
257 223 0
94 122 0
267 121 0
288 283 0
312 119 0
6 24 0
160 82 0
118 169 1
261 270 1
216 144 1
300 57 0
166 169 1
310 217 1
265 91 0
175 222 0
112 217 1
255 192 1
179 115 0
59 95 0
249 40 0
281 136 0
106 55 0
182 67 1
258 264 1
69 243 0
152 215 1
176 189 1
176 144 1
255 125 1
156 231 0
46 241 0
102 162 0
146 94 1
299 230 1
65 60 1
147 179 1
111 161 1
130 82 1
26 4 1
194 270 0
9 21 0
258 225 1
174 219 1
49 276 0
55 330 0
293 292 1
148 53 0
259 252 0
130 148 1
203 251 1
65 66 1
316 106 0
190 270 0
301 112 1
203 144 1
147 93 0
201 265 0
67 79 1
197 263 1
293 306 1
230 94 1
147 80 1
152 186 1
299 118 1
93 125 0
329 50 0
191 122 0
122 224 0
152 192 1
258 112 1
248 316 1
230 91 1
211 265 0
177 72 1
261 176 1
217 123 1
233 275 1
261 119 1
261 267 1
293 281 1
184 242 0
162 84 0
113 311 0
188 62 0
118 69 1
246 268 0
162 139 1
324 320 1
248 94 1
299 150 1
233 263 1
152 100 1
258 217 1
176 284 1
149 56 0
142 229 1
206 198 1
300 255 1
106 281 0
63 171 0
38 282 0
130 299 0
28 135 0
150 292 1
152 115 1
177 293 1
324 48 0
93 149 0
255 202 1
245 213 1
255 292 1
152 202 1
152 179 1
296 232 1
331 49 0
311 255 1
45 184 0
201 46 0
208 291 0
260 284 1
8 1 1
112 95 1
75 136 0
7 237 0
29 33 1
174 143 1
159 123 1
76 305 0
157 162 0
182 161 1
3 125 0
272 283 1
278 156 0
147 123 1
75 229 0
258 245 1
250 274 1
266 267 1
70 306 0
140 147 0
161 72 0
118 240 1
166 176 1
124 280 0
220 275 0
131 118 1
206 239 1
230 149 1
150 95 1
237 314 0
219 141 0
214 255 0
160 151 0
42 50 0
206 266 0
201 197 1
248 293 1
306 143 1
182 192 1
4 206 0
146 67 1
86 27 0
170 47 0
261 179 1
311 248 1
230 286 1
166 47 1
213 102 0
8 27 1
116 220 0
207 276 0
30 221 0
160 226 0
159 171 0
241 136 0
166 128 1
65 151 1
255 284 1
162 144 1
166 313 1
166 94 1
174 92 1
166 144 1
167 152 1
278 41 0
30 117 0
257 310 0
47 48 1
160 257 0
61 224 0
197 196 0
166 253 1
118 253 1
112 47 1
128 133 1
166 50 1
201 165 1
18 123 0
97 254 0
139 130 0
67 41 1
150 176 1
206 29 0
173 269 0
162 232 1
246 65 1
230 92 1
310 255 1
139 161 1
88 165 0
201 182 1
230 162 1
32 234 0
120 195 0
9 198 0
232 295 0
124 182 0
2 167 0
296 225 1
76 98 1
22 210 0
131 189 1
201 199 1
299 288 0
182 145 1
112 91 1
222 33 0
109 68 1
296 255 1
147 99 1
221 284 1
147 162 1
262 288 1
98 65 0
248 173 1
217 152 1
190 114 0
246 320 0
255 253 1
112 263 1
87 50 0
141 157 1
80 154 0
169 144 1
321 231 0
14 151 0
207 34 0
142 304 0
118 307 1
144 292 1
221 179 1
310 150 1
217 218 1
118 229 1
54 292 0
183 53 0
125 303 0
201 193 1
220 292 0
1 66 0
4 1 1
228 193 0
67 150 1
94 329 0
299 232 1
329 330 1
29 31 1
12 222 0
66 222 0
108 75 1
80 42 0
128 182 1
311 305 1
118 198 1
261 161 1
137 161 1
172 133 1
230 159 1
310 147 1
255 47 1
34 128 0
272 230 1
243 53 0
9 57 0
330 320 0
243 221 1
86 320 0
173 129 0
232 285 1
243 249 0
308 105 0
270 56 0
35 28 1
99 66 0
113 110 0
290 288 0
263 179 0
92 91 1
215 168 0
264 28 0
83 200 0
167 325 0
310 30 0
284 301 0
147 230 1
63 187 0
146 72 1
146 218 1
219 150 1
261 123 1
118 163 1
296 292 1
191 24 0
276 43 0
112 189 1
220 269 0
236 42 0
261 221 1
273 109 1
19 13 1
19 20 1
27 147 0
301 182 1
167 261 1
67 44 1
258 276 1
219 123 1
188 78 0
23 133 0
13 6 1
257 278 0
123 3 0
118 221 1
187 280 0
266 16 0
261 303 1
290 330 0
58 56 1
141 239 0
59 273 0
182 207 1
152 67 1
316 312 1
119 321 1
131 166 1
118 154 1
247 322 0
182 94 1
219 162 1
182 180 1
166 297 1
121 264 0
152 79 0
198 216 1
40 229 0
201 124 1
172 144 1
263 169 1
200 22 0
118 158 1
118 65 1
146 186 0
118 297 1
221 176 1
280 330 0
188 99 0
167 123 1
155 156 0
182 154 1
230 288 1
155 229 0
67 275 0
112 306 1
54 229 0
5 215 0
66 287 0
77 311 0
235 252 0
166 147 1
299 221 1
184 130 0
147 153 1
223 11 0
181 188 1
73 255 0
118 216 1
56 81 0
120 80 0
255 146 1
323 285 0
232 307 1
42 27 0
118 249 1
64 202 0
14 128 0
68 210 0
256 189 1
181 225 0
83 150 0
158 227 0
255 94 1
162 67 1
103 316 0
206 184 0
246 190 0
102 184 0
296 217 1
223 31 0
221 305 1
286 88 0
177 292 1
324 91 0
224 242 1
258 232 1
263 69 0
102 30 0
147 221 1
113 172 0
166 130 1
92 150 1
252 244 0
261 159 1
263 144 1
201 275 0
8 35 1
139 245 0
246 37 0
292 113 0
8 86 0
166 246 1
118 186 1
158 72 0
301 232 1
236 124 0
14 107 0
58 60 1
255 157 1
108 207 0
296 233 1
316 8 0
47 123 1
148 306 0
285 16 0
147 220 0
300 230 1
142 39 1
314 48 0
64 12 0
220 177 0
79 306 0
133 225 0
276 275 1
201 255 1
231 230 0
201 253 1
75 151 1
176 231 0
52 107 0
137 152 1
268 276 0
258 152 1
327 209 0
255 182 1
152 59 0
163 23 0
165 150 0
293 179 1
311 152 1
109 92 1
316 30 0
251 222 0
219 16 0
58 144 0
110 149 0
296 15 0
118 143 1
68 47 0
131 150 1
118 212 1
20 182 0
321 158 0
70 57 1
67 176 1
9 161 0
184 288 0
158 171 1
65 183 1
201 224 1
75 149 0
248 61 0
118 140 1
195 25 0
261 239 1
250 263 1
177 202 1
104 88 0
180 34 0
195 177 0
55 253 0
221 306 1
221 107 0
201 313 1
75 56 0
221 124 0
230 152 1
240 170 0
246 213 1
162 305 1
286 139 0
138 256 0
222 176 1
255 289 1
55 144 1
8 28 1
177 204 1
212 134 0
225 293 1
294 53 0
16 155 0
118 109 1
146 220 0
86 305 0
246 144 1
193 95 0
14 275 0
165 104 0
243 256 0
201 176 1
124 108 0
147 219 1
322 137 0
109 248 1
152 256 1
164 213 0
131 94 1
50 330 0
320 101 0
29 73 0
17 325 0
115 43 0
47 253 1
150 179 1
256 292 1
156 332 0
305 189 0
5 87 0
255 232 1
