Dataset: ['Wiki-Vote.mat', 'USAir.mat', 'NS.mat', 'PB.mat', 'Yeast.mat', 'Celegans.mat', 'Power.mat', 'Router.mat', 'Ecoli.mat', 'facebook.mat']
Wiki-Vote.mat AUC Ideal:
0.964896
0.962400
0.965053
0.965284
0.963321
0.964247
0.965220
0.964161
0.966723
0.962519

USAir.mat AUC Ideal:
0.956314
0.950539
0.966982
0.967191
0.967864
0.965957
0.956898
0.955322
0.944918
0.975457

NS.mat AUC Ideal:
0.995458
0.991302
0.984562
0.991289
0.988951
0.984349
0.992301
0.987779
0.989591
0.988432

PB.mat AUC Ideal:
0.938043
0.940322
0.938970
0.946905
0.943710
0.946584
0.943028
0.946148
0.945526
0.946457

Yeast.mat AUC Ideal:
0.961981
0.958020
0.965550
0.971489
0.953619
0.960142
0.964736
0.969024
0.963640
0.959345

Celegans.mat AUC Ideal:
0.873099
0.866079
0.864056
0.903083
0.842726
0.892180
0.876582
0.856441
0.893618
0.858215

Power.mat AUC Ideal:
0.780557
0.772443
0.729685
0.769908
0.749782
0.769277
0.749090
0.769569
0.757628
0.769560

Router.mat AUC Ideal:
0.932924
0.932530
0.943741
0.932281
0.922343
0.938724
0.927845
0.934639
0.932830
0.945751

Ecoli.mat AUC Ideal:
0.969767
0.974010
0.970326
0.977649
0.968030
0.973305
0.972773
0.969990
0.976559
0.969483

facebook.mat AUC Ideal:
0.996461
0.995579
0.996170
0.996530
0.995462
0.996442
0.996395
0.996061
0.995976
0.995245

